12:22:25
-3.668  1.835  -3.441
12:22:25
-1.064  1.762  -1.275
12:22:25
-2.162  0.263  0.408
12:22:25
1.709  -1.654  0.369
12:22:25
0.449  0.322  -2.085
12:22:26
-0.017  -1.655  2.147
12:22:26
2.183  -2.304  -0.070
12:22:26
-4.350  0.476  -1.278
12:22:26
1.444  -2.123  0.205
12:22:26
0.677  1.411  0.791
12:22:27
0.173  -1.918  1.992
12:22:27
0.712  0.494  1.944
12:23:22
0.913  4.137  -1.621
12:23:22
1.624  -2.477  -3.902
12:23:22
-2.355  -0.932  -1.349
12:23:22
-2.394  -2.390  1.668
12:23:22
-0.469  -4.376  3.128
12:23:22
0.727  5.280  1.329
12:23:22
2.231  -3.496  -4.742
12:23:22
-1.823  0.633  -1.443
12:23:22
-2.475  -1.432  0.874
12:23:22
-0.507  -5.214  3.511
12:23:22
-0.219  4.701  2.208
12:23:22
1.556  -3.807  -5.416
12:23:22
-0.933  1.965  -1.557
12:23:22
-2.167  -1.355  0.946
12:23:22
-0.565  -5.746  3.404
12:23:22
-0.530  5.009  3.088
12:23:22
2.226  -3.359  -5.267
12:23:22
-1.575  1.001  -2.268
12:23:22
-1.893  -0.565  0.113
12:23:22
-0.861  -5.263  3.935
12:23:22
-0.968  2.564  2.703
12:23:22
1.610  -2.961  -6.019
12:23:22
-1.086  2.399  -1.312
12:23:22
-1.440  0.186  -0.507
12:23:22
-1.072  -5.776  4.212
12:23:22
-1.461  1.344  2.299
12:23:22
1.170  1.348  -5.479
12:23:22
0.054  -2.151  -1.243
12:23:22
-1.655  1.614  -0.916
12:23:22
-2.917  -4.995  3.716
12:23:22
0.199  -0.732  2.827
12:23:22
0.665  0.940  -3.975
12:23:22
1.212  -0.498  -1.837
12:23:22
-1.745  1.155  -1.406
12:23:22
-2.766  -3.470  2.265
12:23:22
-0.219  -3.686  3.014
12:23:22
0.345  4.945  0.401
12:23:22
2.716  -1.732  -3.513
12:23:22
-2.134  -0.439  -2.714
12:23:22
-2.216  -1.797  1.428
12:23:22
-1.021  -5.041  3.676
12:23:22
-0.467  4.769  2.086
12:23:22
2.072  -3.849  -5.469
12:23:22
-1.559  2.041  -0.821
12:23:22
-2.316  -0.727  0.144
12:23:22
-1.103  -5.589  3.885
12:23:22
-2.188  3.096  2.971
12:23:22
1.932  -1.947  -5.550
12:23:22
-1.423  0.764  0.074
12:23:22
-2.442  0.347  -0.359
12:23:22
-2.687  -5.959  4.006
12:23:22
-1.041  1.064  2.830
12:23:22
0.958  0.543  -4.775
12:23:22
-0.900  -1.250  -0.394
12:23:22
-1.686  1.315  -1.514
12:23:22
-3.399  -4.860  3.372
12:23:22
-0.219  -1.220  2.772
12:23:22
1.018  1.750  -3.861
12:23:22
-0.279  -1.321  -0.941
12:23:22
-0.844  1.955  -1.880
12:23:22
-3.615  -3.940  2.345
12:23:22
0.002  -2.694  2.704
12:23:22
1.260  2.767  -1.577
12:23:22
1.960  0.043  -2.456
12:23:22
-1.881  -0.082  -2.454
12:23:22
-3.115  -3.432  1.801
12:23:23
-0.021  -3.247  3.309
12:23:23
1.303  5.010  0.335
12:23:23
2.780  -1.785  -3.935
12:23:23
-1.919  -0.160  -3.002
12:23:23
-2.385  -2.329  1.380
12:23:23
-0.180  -4.408  2.964
12:23:23
0.117  5.461  1.326
12:23:23
2.551  -2.679  -4.570
12:23:23
-1.919  0.351  -2.575
12:23:23
-2.326  -1.835  1.011
12:23:23
-0.367  -4.726  3.757
12:23:23
0.232  4.780  2.403
12:23:23
2.104  -3.214  -5.625
12:23:23
-1.634  1.193  -1.903
12:23:23
-2.327  -0.879  0.233
12:23:23
-0.269  -5.270  3.600
12:23:23
-1.452  3.542  2.869
12:23:23
1.157  -3.447  -6.727
12:23:23
-0.140  2.537  -1.270
12:23:23
-1.176  0.024  -0.373
12:23:23
-1.241  -5.672  4.226
12:23:23
-1.267  2.062  2.074
12:23:23
0.464  0.521  -4.984
12:23:23
-0.198  -1.289  -1.276
12:23:23
-1.106  1.633  -2.346
12:23:23
-3.324  -4.489  3.101
12:23:23
0.294  -1.930  2.805
12:23:23
1.926  2.275  -3.539
12:23:23
0.546  -0.887  -2.217
12:23:23
-0.585  1.804  -2.329
12:23:23
-3.439  -4.162  2.505
12:23:23
1.121  -2.256  2.719
12:23:23
2.043  2.358  -2.255
12:23:23
1.480  0.122  -3.113
12:23:23
-1.445  0.451  -2.772
12:23:23
-3.184  -3.886  2.224
12:23:23
1.026  -2.749  2.970
12:23:23
1.556  4.099  -1.694
12:23:23
2.034  -0.824  -2.920
12:23:23
-2.218  -0.280  -3.411
12:23:23
-2.166  -1.831  0.461
12:23:23
-1.477  -3.983  3.266
12:23:23
0.947  3.937  1.676
12:23:23
2.466  -3.085  -5.507
12:23:23
-1.759  1.804  -2.703
12:23:23
-1.965  -1.513  0.412
12:23:23
-0.346  -5.053  3.286
12:23:23
0.401  4.830  2.747
12:23:23
2.505  -2.779  -4.746
12:23:23
-1.332  0.527  -3.071
12:23:23
-1.944  -1.722  0.598
12:23:23
-0.716  -5.025  3.391
12:23:23
1.096  5.199  2.654
12:23:23
2.421  -3.262  -5.060
12:23:23
-1.241  1.040  -3.267
12:23:23
-1.134  -0.857  0.621
12:23:23
0.887  -6.195  3.252
12:23:23
0.852  5.647  2.496
12:23:23
2.762  -3.630  -5.720
12:23:23
-1.665  1.342  -3.001
12:23:23
-2.366  -0.983  0.773
12:23:23
-0.982  -5.865  3.308
12:23:23
-1.641  4.240  2.964
12:23:23
1.624  -3.422  -6.138
12:23:23
-1.711  1.989  -2.286
12:23:23
-1.671  -0.940  -0.383
12:23:23
-2.017  -5.691  4.224
12:23:23
-0.727  3.636  2.421
12:23:23
1.167  -2.688  -6.127
12:23:23
-1.093  1.980  -1.621
12:23:23
-1.421  -0.752  -0.618
12:23:23
-1.572  -5.805  3.445
12:23:23
-1.219  2.858  3.144
12:23:23
2.319  -2.708  -6.801
12:23:23
-1.122  2.314  -1.024
12:23:23
-1.467  -0.283  -0.571
12:23:23
-1.452  -5.779  3.320
12:23:23
-1.091  2.178  2.828
12:23:23
1.929  -0.330  -5.897
12:23:23
-0.338  -0.195  -1.468
12:23:23
-2.004  0.835  -1.073
12:23:23
-3.328  -5.513  3.332
12:23:23
-0.350  -0.242  2.916
12:23:23
0.888  1.728  -5.327
12:23:23
-0.067  -1.607  -0.972
12:23:23
-1.428  1.961  -1.985
12:23:23
-3.789  -5.076  3.129
12:23:23
0.366  -1.150  2.982
12:23:23
1.482  1.836  -3.929
12:23:23
0.135  -0.978  -1.969
12:23:23
-1.146  1.692  -2.477
12:23:23
-3.459  -4.045  2.038
12:23:23
0.595  -3.146  2.930
12:23:23
1.204  4.148  -1.522
12:23:23
1.731  -2.060  -3.553
12:23:23
-1.792  0.969  -3.225
12:23:23
-2.459  -2.821  1.116
12:23:23
-0.845  -4.492  3.472
12:23:23
0.981  5.202  1.757
12:23:23
3.686  -2.786  -5.626
12:23:23
-2.361  0.744  -2.752
12:23:23
-1.717  -0.870  0.102
12:23:23
-1.016  -6.778  4.058
12:23:23
0.001  4.420  3.509
12:23:23
2.561  -3.941  -5.751
12:23:23
-0.893  2.524  -2.624
12:23:23
-2.221  -1.393  0.412
12:23:23
-0.740  -5.451  3.457
12:23:23
-0.454  4.159  2.962
12:23:23
3.057  -3.146  -5.557
12:23:23
-1.699  1.388  -2.548
12:23:23
-2.150  -0.713  -0.163
12:23:23
-0.612  -5.749  3.663
12:23:23
-0.629  3.458  3.030
12:23:23
2.158  -3.283  -5.946
12:23:23
-1.302  1.929  -1.975
12:23:23
-1.667  -0.251  -0.543
12:23:23
-1.342  -5.825  3.515
12:23:23
-0.788  2.736  2.694
12:23:23
2.383  -2.021  -6.207
12:23:23
-1.016  1.428  -1.233
12:23:23
-1.944  -0.226  -0.249
12:23:23
-1.341  -6.417  3.580
12:23:23
-1.774  3.031  2.655
12:23:23
1.670  -2.750  -6.144
12:23:23
-2.049  1.871  -1.402
12:23:23
-1.354  0.316  -0.675
12:23:23
-1.937  -6.072  3.504
12:23:23
-1.248  2.138  3.327
12:23:23
1.263  -2.685  -6.260
12:23:23
-1.359  1.527  -1.733
12:23:23
-1.042  0.064  -0.068
12:23:23
-1.932  -6.138  3.838
12:23:23
-1.328  2.795  2.691
12:23:23
1.576  -2.918  -6.239
12:23:23
-1.645  2.219  -1.588
12:23:23
-1.772  -0.298  -0.358
12:23:23
-2.101  -5.548  3.336
12:23:23
-0.981  2.264  3.043
12:23:23
1.771  -3.101  -6.665
12:23:23
-0.945  2.454  -1.489
12:23:23
-1.751  0.182  -0.412
12:23:23
-1.597  -6.338  3.039
12:23:23
-1.208  2.907  2.782
12:23:23
2.123  -1.804  -6.073
12:23:23
-1.072  0.830  -1.331
12:23:23
-1.918  0.340  -0.444
12:23:23
-1.566  -6.176  3.281
12:23:23
-1.549  2.212  2.499
12:23:23
2.004  -1.245  -6.147
12:23:23
-1.685  0.962  -1.417
12:23:23
-1.775  0.573  -0.559
12:23:23
-2.476  -6.298  3.957
12:23:23
-1.315  1.720  2.702
12:23:24
1.667  -1.898  -6.800
12:23:24
-0.954  1.784  -0.863
12:23:24
-2.072  0.429  -0.994
12:23:24
-2.779  -6.052  3.256
12:23:24
-0.947  1.769  2.615
12:23:24
1.358  0.184  -5.494
12:23:24
-1.594  -0.818  -1.684
12:23:24
-0.903  0.727  -0.638
12:23:24
-1.516  -6.484  3.575
12:23:24
-1.659  2.155  2.743
12:23:24
2.253  -2.092  -6.036
12:23:24
-0.978  1.739  -1.541
12:23:24
-1.971  0.729  -1.443
12:23:24
-3.037  -4.547  2.829
12:23:24
-0.398  -0.971  2.391
12:23:24
0.934  1.984  -4.735
12:23:24
-0.376  -2.192  -1.170
12:23:24
-0.198  2.096  -1.912
12:23:24
-3.470  -4.478  3.026
12:23:24
0.568  -1.234  2.171
12:23:24
1.608  1.576  -3.392
12:23:24
-0.008  -1.196  -1.867
12:23:24
-0.829  1.483  -2.872
12:23:24
-2.528  -3.158  1.501
12:23:24
0.332  -3.449  3.047
12:23:24
0.676  5.473  -0.482
12:23:24
1.782  -1.705  -4.030
12:23:24
-1.911  -0.489  -3.260
12:23:24
-1.441  0.403  -0.772
12:23:24
-1.411  -7.183  3.373
12:23:24
0.207  2.310  3.881
12:23:24
3.369  -1.301  -5.106
12:23:24
-2.416  0.277  -3.797
12:23:24
-2.197  -3.719  1.228
12:23:24
-0.118  -2.649  3.243
12:23:24
1.059  4.667  -0.460
12:23:24
3.192  -1.074  -3.734
12:23:24
-2.284  -0.485  -3.594
12:23:24
-2.394  -2.792  0.931
12:23:24
0.758  -3.471  2.645
12:23:24
0.980  4.986  -0.225
12:23:24
2.040  -2.591  -3.972
12:23:24
-0.927  0.490  -2.710
12:23:24
-3.317  -3.262  2.241
12:23:24
1.307  -3.064  2.347
12:23:24
1.509  4.946  -1.526
12:23:24
2.424  -1.332  -3.439
12:23:24
-2.255  -0.751  -2.648
12:23:24
-3.232  -2.399  1.405
12:23:24
0.425  -3.910  2.610
12:23:24
0.541  5.705  0.696
12:23:24
2.543  -2.662  -3.900
12:23:24
-2.453  -0.535  -3.105
12:23:24
-2.688  -1.845  1.243
12:23:24
-0.530  -4.205  3.167
12:23:24
0.105  5.237  1.482
12:23:24
1.418  -2.367  -4.112
12:23:24
-2.249  -0.498  -3.844
12:23:24
-1.754  -0.686  0.726
12:23:24
-3.091  -1.725  3.104
12:23:24
-2.336  -0.974  1.611
12:23:24
-1.670  -0.442  -1.356
12:23:24
1.206  -2.622  4.267
12:23:24
-0.327  -0.839  0.195
12:23:24
-0.199  -2.488  3.535
12:23:24
-0.200  1.354  -0.359
12:23:24
-3.148  -3.712  -2.143
12:23:24
1.926  -1.356  2.132
12:23:24
-0.013  0.473  0.874
12:23:24
-0.248  -1.227  2.238
12:23:24
0.076  1.023  -0.044
12:23:24
-2.636  -2.273  -2.483
12:23:25
1.020  -2.488  1.377
12:23:25
0.174  3.305  2.395
12:23:25
1.875  -2.277  0.170
12:23:25
-1.515  0.150  0.679
12:23:25
-1.768  -1.021  -2.515
12:23:25
1.601  -2.820  0.040
12:23:26
-0.709  2.903  3.859
12:23:26
2.239  -2.958  -1.187
12:23:26
-0.857  1.586  1.237
12:23:26
-1.630  -1.214  -2.752
12:23:27
-3.665  -6.261  5.897
12:23:27
-0.609  3.019  0.939
12:23:27
-1.619  0.240  -2.161
12:23:27
-0.155  -3.978  2.723
12:24:00
0.268  -2.629  -0.072
12:24:00
2.751  2.138  -7.836
12:24:00
-0.787  -0.460  -3.175
12:24:00
-0.926  1.830  -2.173
12:24:00
-1.497  -4.432  2.870
12:24:00
0.134  2.870  2.243
12:24:00
2.789  -1.810  -6.980
12:24:00
-1.705  2.568  -2.605
12:24:00
-1.471  0.658  -1.723
12:24:00
-2.416  -4.642  3.295
12:24:00
-0.622  2.305  2.401
12:24:00
1.622  -1.069  -5.690
12:24:00
-1.592  1.562  -3.187
12:24:00
-0.705  0.857  -1.388
12:24:00
-1.010  -5.171  3.048
12:24:00
0.369  2.913  2.935
12:24:00
2.344  -2.241  -7.082
12:24:00
-0.811  2.499  -2.385
12:24:00
-0.788  0.483  -1.157
12:24:00
-0.354  -5.680  4.179
12:24:00
-0.970  3.137  2.207
12:24:00
2.161  -0.687  -6.631
12:24:00
-0.488  0.538  -1.692
12:24:00
-1.155  0.819  -1.191
12:24:00
-0.469  -5.936  3.381
12:24:00
-0.755  2.758  3.014
12:24:01
2.783  -3.217  -6.397
12:24:01
-1.161  2.832  -1.576
12:24:01
-1.167  0.457  -1.087
12:24:01
-0.880  -6.299  3.677
12:24:01
-0.986  3.305  2.862
12:24:01
2.090  -2.111  -6.322
12:24:01
-1.584  1.633  -1.926
12:24:01
-1.516  -0.067  -0.441
12:24:01
-0.756  -5.748  3.359
12:24:01
-1.261  3.987  2.560
12:24:01
1.470  -3.476  -6.607
12:24:01
-0.830  2.439  -1.660
12:24:01
-1.309  -0.005  -0.592
12:24:01
-1.189  -5.951  3.535
12:24:01
-1.751  3.153  2.860
12:24:01
1.266  -3.082  -5.787
12:24:01
-1.386  1.967  -1.550
12:24:01
-1.488  0.452  -0.745
12:24:01
-1.520  -5.969  3.594
12:24:01
-1.549  2.488  2.795
12:24:01
2.013  -1.832  -6.496
12:24:01
-0.907  1.362  -0.500
12:24:01
-2.085  0.149  -0.955
12:24:01
-2.426  -6.049  3.572
12:24:01
-1.348  1.594  3.237
12:24:01
1.782  1.235  -5.694
12:24:01
-0.545  -1.787  -1.535
12:24:01
-1.310  1.674  -1.845
12:24:01
-2.764  -5.151  3.544
12:24:01
-0.689  -0.345  2.800
12:24:01
1.204  1.031  -5.023
12:24:01
-0.519  -0.335  -1.742
12:24:01
-1.264  1.585  -1.481
12:24:01
-3.169  -5.518  3.136
12:24:01
-0.208  0.757  3.015
12:24:01
1.864  1.013  -5.502
12:24:01
-1.077  -1.484  -1.544
12:24:01
-0.922  1.175  -1.036
12:24:01
-2.352  -6.063  3.776
12:24:01
-0.469  1.738  2.596
12:24:01
1.493  0.568  -5.450
12:24:01
-0.541  -1.137  -1.630
12:24:23
-1.614  1.473  -1.676
12:24:23
-3.039  -4.677  2.946
12:24:23
0.219  -0.683  2.370
12:24:23
1.616  1.526  -5.229
12:24:23
-0.061  -1.161  -0.949
12:24:23
-2.073  1.269  -1.159
12:24:23
-3.147  -4.994  2.659
12:24:23
-0.231  -0.372  2.639
12:24:23
1.471  1.550  -5.026
12:24:23
-0.692  -1.455  -1.225
12:24:23
-1.011  1.898  -1.584
12:24:23
-2.993  -5.167  3.272
12:24:23
0.263  0.027  2.678
12:24:23
1.989  1.626  -5.448
12:24:23
-0.853  -2.021  -1.119
12:24:23
-0.633  1.816  -1.038
12:24:23
-3.156  -6.102  3.594
12:24:23
-0.592  0.871  3.304
12:24:23
2.339  1.820  -5.156
12:24:23
0.054  -2.183  -1.258
12:24:23
-0.871  2.493  -2.173
12:24:23
-3.805  -5.172  2.714
12:24:23
0.638  -1.277  2.638
12:24:23
1.801  2.201  -4.188
12:24:23
-0.070  -1.779  -1.676
12:24:23
-0.369  2.208  -2.077
12:24:23
-2.964  -4.636  3.037
12:24:23
0.204  -0.733  2.391
12:24:23
2.226  1.060  -3.664
12:24:23
0.265  -0.763  -2.146
12:24:23
-0.161  2.270  -2.963
12:24:23
-3.448  -4.493  2.859
12:24:23
0.805  -1.754  2.592
12:24:23
2.209  1.657  -4.093
12:24:23
0.515  -0.411  -1.743
12:24:23
-1.310  1.775  -2.582
12:24:23
-2.777  -4.186  2.354
12:24:23
0.340  -1.745  2.866
12:24:23
2.399  2.084  -4.166
12:24:23
0.283  -1.369  -1.809
12:24:23
-0.317  2.167  -1.875
12:24:23
-3.267  -4.740  2.566
12:24:23
1.123  -1.446  2.836
12:24:23
2.302  1.772  -3.287
12:24:23
0.624  -0.827  -2.677
12:24:23
-0.378  1.877  -2.639
12:24:23
-3.167  -3.608  1.793
12:24:23
0.433  -3.056  3.077
12:24:23
1.713  3.407  -1.884
12:24:23
1.829  -1.721  -2.564
12:24:23
-1.169  1.396  -3.449
12:24:23
-2.072  -3.493  1.207
12:24:23
-0.406  -3.064  3.580
12:24:23
1.235  4.838  -0.356
12:24:23
2.514  -1.112  -3.592
12:24:23
-1.429  -0.576  -3.369
12:24:23
-1.771  -2.338  0.946
12:24:23
-0.334  -4.517  3.741
12:24:23
1.177  5.328  2.037
12:24:23
3.538  -2.319  -4.443
12:24:23
-1.200  0.057  -3.776
12:24:23
-1.676  -1.868  0.706
12:24:23
-0.454  -4.765  3.855
12:24:23
1.214  4.539  2.464
12:24:23
3.230  -3.678  -6.022
12:24:23
-1.253  2.177  -2.394
12:24:23
-1.361  -0.773  0.209
12:24:23
-0.139  -6.082  3.763
12:24:23
0.012  4.186  3.052
12:24:23
2.818  -3.611  -6.495
12:24:23
-1.276  2.232  -2.102
12:24:23
-1.362  -0.091  -0.313
12:24:36
-0.726  -6.249  3.636
12:24:36
-0.858  3.520  3.269
12:24:36
2.196  -3.969  -6.238
12:24:36
-1.090  2.640  -1.859
12:24:36
-1.460  -0.167  -0.397
12:24:36
-0.466  -5.997  4.045
12:24:36
-1.467  2.480  3.348
12:24:36
2.531  -2.964  -6.556
12:24:36
-1.277  2.258  -1.359
12:24:36
-1.192  0.272  -0.803
12:24:36
-1.738  -6.382  4.082
12:24:36
-1.087  2.264  2.761
12:24:36
2.610  -0.991  -5.785
12:24:36
-1.415  0.613  -1.759
12:24:36
-1.398  0.552  -0.608
12:24:36
-2.044  -6.275  3.838
12:24:36
-1.022  1.334  3.094
12:24:36
1.817  -0.411  -5.689
12:24:36
-0.768  0.225  -1.696
12:24:36
-1.844  1.190  -1.146
12:24:36
-3.070  -5.298  3.173
12:24:36
-3.222  -4.567  1.834
12:24:36
-2.045  -3.807  -0.200
12:24:36
-2.668  -3.857  -3.284
12:24:36
-2.109  -3.460  -1.895
12:24:36
-2.436  -4.488  3.457
12:24:36
-2.466  -3.682  1.856
12:24:36
-2.748  -3.334  -3.288
12:24:36
-1.924  -2.937  -0.861
12:24:36
-0.786  -0.233  1.855
12:24:36
-1.381  -0.935  1.613
12:24:36
-1.241  -6.626  4.348
12:24:36
-1.516  1.870  2.465
12:24:36
1.477  -2.298  -5.208
12:24:36
-1.371  1.493  -0.777
12:24:36
-1.618  -0.090  -0.143
12:24:36
-1.839  -6.282  3.854
12:24:46
-1.084  1.647  2.436
12:24:46
1.204  -1.758  -5.669
12:24:46
-1.236  1.231  -0.879
12:24:46
-2.145  0.208  -0.377
12:24:46
-2.097  -6.023  3.962
12:24:46
-1.634  0.872  2.744
12:24:46
0.618  -2.549  -5.489
12:24:46
-1.933  1.877  -0.899
12:24:46
-1.949  0.767  -0.799
12:24:46
-3.669  -5.325  3.429
12:24:46
-1.384  -0.108  2.108
12:24:46
0.853  0.617  -4.667
12:24:46
-1.245  -1.442  -0.480
12:24:46
-2.088  1.365  -1.191
12:24:46
-3.945  -4.488  2.946
12:24:46
-0.363  -1.664  2.298
12:24:46
1.784  1.740  -2.620
12:24:46
-0.574  -1.492  -2.334
12:24:46
-1.037  1.377  -2.066
12:24:46
-3.511  -3.448  1.876
12:24:46
-0.117  -3.513  2.998
12:24:46
0.950  4.701  -0.256
12:24:46
2.009  -2.024  -3.671
12:24:46
-2.389  -0.216  -3.210
12:24:46
-2.034  0.338  -0.050
12:24:46
-2.107  -8.333  3.567
12:24:46
0.524  4.585  3.293
12:24:46
3.704  -2.003  -4.895
12:24:46
-2.229  0.062  -2.416
12:24:46
-4.276  -3.565  2.629
12:24:46
1.033  -2.672  2.465
12:24:46
2.090  1.834  -2.548
12:24:49
-0.031  -1.069  -2.720
12:24:49
-0.014  2.387  -1.417
12:24:49
-2.794  -4.852  3.459
12:24:49
1.015  -0.288  1.983
12:24:49
2.120  0.683  -4.000
12:24:49
0.309  -0.981  -2.064
12:24:49
-0.160  1.951  -2.584
12:24:49
-1.913  -3.412  2.434
12:24:49
0.511  -2.096  1.668
12:24:49
1.528  2.826  -2.505
12:24:49
0.848  -1.524  -2.581
12:24:49
0.156  1.675  -2.229
12:24:49
-2.515  -3.763  2.988
12:24:49
1.044  -2.197  1.712
12:24:49
1.505  2.984  -2.183
12:24:49
0.887  -2.318  -2.520
12:24:49
0.038  2.199  -3.017
12:24:49
-3.087  -4.528  3.718
12:24:49
0.592  -3.714  4.340
12:24:49
2.169  3.644  -1.996
12:24:49
2.960  -2.184  -3.569
12:24:49
-0.491  2.578  -3.607
12:24:49
-1.955  -3.774  2.861
12:24:49
1.076  -3.425  3.769
12:24:49
2.655  2.986  -2.422
12:24:49
1.193  -1.496  -2.706
12:24:49
0.261  1.637  -2.972
12:24:49
-2.633  -4.177  3.652
12:24:49
1.838  -2.182  2.794
12:24:49
2.997  2.352  -2.966
12:24:49
0.828  -1.631  -2.245
12:24:49
0.368  2.066  -2.981
12:24:49
-2.519  -4.117  2.757
12:24:49
1.648  -2.767  2.864
12:24:49
3.096  2.975  -3.067
12:24:49
1.301  -2.145  -2.096
12:24:49
-0.448  1.790  -2.288
12:24:49
-2.163  -3.836  3.104
12:24:49
1.197  -2.317  2.088
12:24:49
2.431  2.055  -2.648
12:24:49
0.963  -1.165  -2.593
12:24:49
0.015  1.668  -2.985
12:24:49
-1.806  -3.983  2.571
12:24:49
0.531  -2.287  2.289
12:24:49
2.665  4.230  -1.432
12:25:25
0.988  -2.731  -3.274
12:25:25
0.284  1.358  -3.475
12:25:25
-1.513  -2.655  2.006
12:25:25
1.384  -3.784  2.407
12:25:25
2.232  3.548  -1.440
12:25:25
2.255  -1.690  -3.104
12:25:25
-0.729  0.846  -2.175
12:25:25
-3.414  -3.703  2.424
12:25:25
1.332  -2.634  2.312
12:25:25
2.263  3.253  -2.123
12:25:25
1.275  -2.323  -2.210
12:25:25
0.103  2.114  -2.893
12:25:25
-3.196  -3.650  2.239
12:25:25
1.797  -2.858  2.436
12:25:25
2.427  3.404  -1.702
12:25:25
2.268  3.249  -4.942
12:25:25
1.598  2.982  -5.261
12:25:25
1.902  2.265  0.180
12:25:25
1.832  2.456  -0.621
12:25:25
2.012  2.547  -1.343
12:25:25
2.013  2.612  -4.292
12:25:25
1.259  2.380  -4.701
12:25:25
1.741  1.596  0.123
12:25:25
1.315  1.676  -0.281
12:25:25
1.477  1.820  -0.842
12:25:25
1.905  2.150  -3.360
12:25:25
1.089  1.960  -4.183
12:25:25
2.062  1.131  -6.718
12:25:25
-0.745  1.835  1.954
12:25:25
-1.292  1.104  1.212
12:25:25
-2.661  -4.732  3.977
12:25:25
0.284  -0.452  3.141
12:25:25
1.822  1.535  -3.743
12:25:25
-0.122  -1.091  -0.128
12:25:25
-0.490  2.015  -0.679
12:25:25
-2.887  -4.418  3.709
12:25:25
0.398  -0.616  2.677
12:25:25
2.393  1.454  -3.934
12:25:25
-0.593  -1.333  -0.777
12:25:25
-0.102  2.369  -1.355
12:25:25
-2.790  -3.995  3.062
12:25:25
0.730  -1.703  3.010
12:25:25
2.330  2.148  -2.824
12:25:25
0.781  -1.635  -1.401
12:25:25
-0.093  2.415  -2.241
12:25:25
-3.460  -3.859  2.983
12:25:25
0.660  -2.350  2.680
12:25:25
1.482  2.502  -1.743
12:25:25
1.288  -1.009  -2.248
12:25:25
-0.268  1.645  -3.085
12:25:25
-2.903  -3.361  2.272
12:25:25
0.812  -2.616  3.029
12:25:25
1.008  4.544  -1.336
12:25:25
1.656  -2.898  -2.346
12:25:25
-0.238  1.872  -2.635
12:25:25
-3.074  -3.566  2.434
12:25:25
1.099  -2.492  2.596
12:25:25
2.250  2.418  -2.137
12:25:25
0.522  -1.596  -2.069
12:25:25
0.398  2.605  -2.166
12:25:25
-3.166  -4.019  3.163
12:25:25
1.725  -2.127  2.605
12:25:25
2.959  2.100  -2.634
12:25:25
1.131  -1.372  -2.283
12:25:25
0.382  2.342  -2.525
12:25:25
-3.190  -4.034  2.953
12:25:25
1.379  -2.264  2.639
12:25:25
2.642  2.558  -2.849
12:25:25
1.313  -1.206  -2.136
12:25:25
-0.625  2.028  -2.630
12:25:25
-2.939  -3.514  2.330
12:25:25
0.410  -2.661  2.752
12:25:25
2.675  2.804  -2.213
12:25:25
0.852  -1.724  -2.374
12:25:25
-0.062  2.107  -2.516
12:25:25
-2.883  -3.507  2.514
12:25:25
0.688  -2.287  2.498
12:25:25
3.094  2.451  -2.376
12:25:25
0.825  -1.185  -2.692
12:25:25
0.265  1.915  -2.099
12:25:25
-3.599  -4.294  2.980
12:25:25
1.258  -1.339  2.214
12:25:25
2.629  2.120  -3.696
12:25:25
0.314  -1.751  -1.368
12:25:25
0.342  2.341  -1.782
12:25:25
-2.738  -4.900  3.464
12:25:25
1.460  -0.590  2.964
12:25:25
3.274  1.796  -4.350
12:25:25
0.637  -2.136  -1.356
12:25:25
0.348  2.511  -1.953
12:25:25
-2.352  -4.379  3.027
12:25:25
1.575  -0.961  2.814
12:25:25
3.362  1.342  -4.072
12:25:25
0.283  -1.394  -1.917
12:25:25
-0.433  2.322  -1.371
12:25:25
-2.210  -4.571  2.994
12:25:25
0.648  -0.620  2.978
12:25:25
3.106  1.634  -4.967
12:25:25
-0.034  -1.645  -1.187
12:25:25
-0.271  1.998  -1.263
12:25:25
-1.941  -5.210  3.449
12:25:25
0.435  0.085  3.508
12:25:25
2.847  0.410  -5.584
12:25:25
0.372  -0.741  -0.823
12:25:25
-0.283  1.547  -1.700
12:25:25
-1.864  -5.312  3.777
12:25:25
1.122  0.985  2.593
12:25:25
2.751  0.684  -5.888
12:25:25
0.113  -0.838  -1.628
12:25:25
-1.946  1.267  -1.348
12:25:25
-2.255  -5.159  3.494
12:25:25
0.133  0.887  2.970
12:25:25
2.153  0.630  -5.366
12:25:25
-1.088  -1.002  -2.013
12:25:25
-1.123  1.342  -0.694
12:25:25
-1.747  -6.001  3.390
12:25:25
-0.865  2.110  3.030
12:25:25
2.639  -2.245  -6.558
12:25:25
-1.015  1.653  -0.800
12:25:25
-1.518  0.471  -0.946
12:25:25
-1.647  -6.235  3.561
12:25:25
-0.838  2.850  3.538
12:25:25
2.960  -2.028  -6.298
12:25:25
-1.115  1.116  -1.626
12:25:25
-1.037  0.637  -0.971
12:25:25
-0.935  -6.193  3.598
12:25:25
-1.128  2.325  3.609
12:25:25
2.325  -0.991  -6.092
12:25:25
-0.812  0.125  -1.706
12:25:25
-1.359  1.120  -0.875
12:25:25
-1.738  -6.025  3.813
12:25:25
-1.389  2.263  2.563
12:25:25
2.179  -1.385  -6.212
12:25:25
-1.240  0.478  -1.887
12:25:25
-0.684  1.192  -0.761
12:25:25
-1.431  -6.566  4.374
12:25:25
-1.302  2.219  1.938
12:25:25
1.128  0.325  -6.142
12:25:25
-1.263  -1.030  -1.037
12:25:25
-2.747  0.880  -0.933
12:25:25
-2.016  -5.476  4.249
12:25:25
-0.854  0.884  2.573
12:25:26
0.547  1.476  -5.661
12:25:26
-0.444  -2.863  -1.285
12:25:26
-1.082  2.383  -1.978
12:25:26
-3.689  -4.491  3.239
12:25:26
0.566  -1.519  2.325
12:25:26
0.314  1.687  -3.247
12:25:26
-0.184  -0.989  -2.790
12:25:26
-0.659  1.597  -2.572
12:25:26
-3.167  -3.175  1.758
12:25:26
0.613  -3.608  3.024
12:25:26
1.273  4.417  -0.721
12:25:26
1.825  -0.806  -4.446
12:25:26
-2.258  -0.417  -2.981
12:25:26
-1.986  -2.046  0.907
12:25:26
-0.553  -5.039  3.755
12:25:26
0.408  6.154  1.755
12:25:26
2.621  -2.803  -4.697
12:25:26
-1.618  -0.455  -3.408
12:25:26
-2.222  -0.474  0.046
12:25:26
0.127  -5.280  3.466
12:25:26
-0.780  4.503  2.671
12:25:26
2.062  -3.991  -6.696
12:25:26
0.891  2.294  -1.258
12:25:26
-1.593  0.303  -1.231
12:25:26
-0.898  -6.059  4.140
12:25:26
-0.842  2.132  2.484
12:25:26
1.845  0.519  -5.596
12:25:26
-0.211  -1.714  -0.819
12:25:26
-1.200  1.410  -2.507
12:25:26
-2.948  -3.396  2.951
12:25:26
0.921  -2.914  2.283
12:25:26
1.272  4.922  -0.746
12:25:26
2.455  -1.690  -4.462
12:25:26
-1.919  -0.388  -3.520
12:25:26
-1.328  -1.538  1.261
12:25:26
-0.296  -5.476  3.884
12:25:26
0.381  5.615  2.306
12:25:26
3.195  -2.824  -5.900
12:25:26
-2.547  0.114  -2.814
12:25:26
-2.106  -1.560  0.537
12:25:26
-1.883  -5.359  4.206
12:25:26
-1.341  4.852  2.521
12:25:26
0.996  -4.061  -5.866
12:25:26
-0.806  2.042  -1.853
12:25:26
-1.801  -1.074  -0.000
12:25:26
-2.057  -5.766  4.247
12:25:26
-0.469  3.854  2.206
12:25:26
1.457  -3.011  -5.806
12:25:26
-0.467  1.628  -1.352
12:25:26
-0.480  0.445  -0.776
12:25:26
-3.041  -6.818  4.182
12:25:26
-0.743  2.196  4.008
12:25:26
2.482  -2.853  -7.516
12:25:26
-0.747  1.605  0.421
12:25:26
-1.207  -1.129  -0.412
12:25:26
0.573  -8.556  6.231
12:25:26
1.406  5.129  3.367
12:25:26
4.581  -1.804  -5.099
12:25:26
-1.732  0.243  -1.310
12:25:26
-3.570  -4.759  3.599
12:25:26
2.222  -2.644  4.154
12:25:26
2.937  3.179  -2.887
12:25:26
1.157  -2.544  -2.844
12:25:26
0.573  2.487  -0.948
12:25:26
-2.213  -6.168  4.069
12:25:26
0.735  0.838  3.910
12:25:26
3.337  0.446  -5.947
12:25:26
-0.047  -1.116  -1.151
12:25:26
-0.498  1.304  -1.057
12:25:26
-1.575  -6.493  4.377
12:25:26
-0.123  2.240  3.030
12:25:26
3.152  -0.224  -5.948
12:25:26
-1.043  -0.811  -1.708
12:25:26
-1.079  0.782  -0.487
12:25:26
-1.472  -7.021  3.792
12:25:26
-1.684  3.661  3.507
12:25:26
2.871  -3.635  -6.702
12:25:26
-1.493  2.158  -1.686
12:25:26
-1.348  -0.174  -0.505
12:25:26
-1.800  -6.458  4.087
12:25:26
-1.198  4.193  3.118
12:25:26
1.534  -4.525  -6.616
12:25:26
-0.486  2.931  -2.815
12:25:26
-2.423  -1.599  1.011
12:25:26
-0.366  -5.642  2.752
12:25:26
-0.471  5.465  2.096
12:25:26
2.002  -2.482  -4.989
12:25:26
-1.709  -0.202  -2.851
12:25:26
-2.781  -2.642  0.921
12:25:26
-0.600  -4.546  4.164
12:25:26
1.870  5.577  0.389
12:25:26
2.386  -2.699  -4.890
12:25:26
-1.603  -0.013  -2.641
12:25:26
-3.119  -2.962  1.944
12:25:26
0.792  -3.864  2.997
12:25:26
1.493  4.357  -0.818
12:25:26
0.753  -1.681  -3.773
12:25:26
-0.184  0.420  -2.164
12:25:26
-3.685  -3.589  2.734
12:25:26
2.213  -2.739  2.607
12:25:26
1.483  2.791  -3.808
12:25:26
0.256  -2.451  -2.342
12:25:26
0.799  2.937  -1.163
12:25:26
-0.924  -5.506  3.739
12:25:26
0.214  1.838  2.982
12:25:26
2.257  -2.397  -6.105
12:25:26
-1.347  1.775  -2.172
12:25:26
-1.186  0.413  0.258
12:25:26
-2.616  -9.184  4.901
12:25:26
-2.377  3.730  5.459
12:25:26
5.940  0.158  -6.779
12:25:26
-1.595  -1.293  -4.945
12:25:26
-1.210  1.546  -1.422
12:25:26
-3.545  -5.879  3.765
12:25:26
0.481  0.303  3.930
12:25:26
2.681  -1.902  -6.929
12:25:26
-0.915  1.445  -2.728
12:25:26
-1.721  -2.147  0.252
12:25:26
-0.003  -5.166  3.299
12:25:26
0.550  5.291  0.692
12:25:26
2.798  -2.144  -5.585
12:25:26
-2.726  -0.371  -2.282
12:25:26
-3.562  -3.577  1.673
12:25:26
0.945  -2.742  2.826
12:25:26
1.803  2.241  -3.248
12:25:26
-0.321  -1.472  -3.269
12:25:26
-0.537  1.895  -1.848
12:25:26
-3.534  -5.228  3.047
12:25:26
0.867  -0.405  2.480
12:25:26
1.420  1.615  -5.538
12:25:26
-0.413  -2.352  -2.085
12:25:26
0.091  2.262  -1.538
12:25:26
-1.972  -5.586  3.672
12:25:26
-0.043  1.341  2.226
12:25:26
0.645  1.246  -6.376
12:25:26
-0.816  -2.644  -1.654
12:25:26
-0.188  1.371  -1.445
12:25:26
-2.244  -6.132  4.045
12:25:26
-0.427  2.816  2.658
12:25:26
1.430  -1.226  -7.218
12:25:26
-0.689  0.135  -1.303
12:25:26
-1.221  -0.686  -0.555
12:25:26
-1.106  -6.641  4.075
12:25:26
-0.366  4.493  2.278
12:25:26
1.020  -3.316  -6.051
12:25:26
-1.194  1.977  -3.119
12:25:26
-2.485  -1.958  0.114
12:25:26
-0.891  -5.014  3.424
12:25:26
-0.061  4.990  2.104
12:25:26
2.190  -3.330  -6.334
12:25:26
-2.169  1.046  -3.084
12:25:26
-2.743  -2.581  0.720
12:25:26
0.016  -4.486  3.671
12:25:26
-0.222  5.630  0.380
12:25:26
2.545  -2.131  -4.790
12:25:26
-2.838  -0.758  -3.218
12:25:26
-2.792  -3.232  1.004
12:25:26
-0.461  -3.219  3.133
12:25:26
0.397  4.409  -0.870
12:25:26
1.348  -2.073  -4.096
12:25:26
-1.908  0.268  -2.694
12:25:26
-2.935  -3.960  1.517
12:25:26
0.810  -2.176  3.087
12:25:26
1.269  3.434  -2.537
12:25:26
1.286  -1.346  -3.788
12:25:26
-0.793  0.944  -1.246
12:25:26
-3.342  -4.549  2.701
12:25:26
0.858  -1.377  2.653
12:25:26
1.851  1.465  -4.207
12:25:26
-0.695  -1.252  -2.373
12:25:26
0.481  2.396  -1.985
12:25:26
-3.136  -5.071  3.197
12:25:26
1.012  -0.358  2.592
12:25:26
1.604  1.339  -5.296
12:25:26
0.036  -1.538  -1.832
12:25:26
0.422  2.379  -1.519
12:25:26
-2.831  -5.215  2.771
12:25:26
0.446  -0.265  2.907
12:25:26
1.605  0.842  -5.886
12:25:26
-0.936  -0.653  -1.332
12:25:26
-0.719  1.338  -1.526
12:25:26
-1.937  -6.263  3.883
12:25:26
-0.397  2.271  2.831
12:25:26
1.921  -0.831  -6.326
12:25:26
-1.424  0.181  -1.924
12:25:26
-0.435  0.555  1.087
12:25:26
-1.739  -0.649  4.679
12:25:26
-1.259  0.075  2.786
12:25:26
-0.360  0.385  -0.008
12:25:27
-1.799  -0.218  -2.170
12:25:27
-0.656  0.308  1.051
12:25:27
-1.572  -0.523  3.968
12:25:27
-1.084  0.022  2.252
12:25:27
-0.572  0.121  -0.742
12:25:27
-2.006  -0.571  -2.513
12:25:27
-0.552  0.133  1.214
12:25:27
-1.101  -0.407  3.421
12:25:27
-0.299  -0.035  2.128
12:25:27
-0.266  -0.089  -1.259
12:25:27
-1.630  -0.720  -2.754
12:25:27
-0.333  -0.014  1.571
12:25:27
-1.098  -0.405  3.048
12:25:27
-0.211  -0.114  1.988
12:25:27
-0.168  -0.218  -1.400
12:25:27
-1.166  -1.255  5.938
12:25:27
-1.165  -0.885  2.964
12:26:25
0.135  -2.712  -3.114
12:26:25
0.079  0.154  1.601
12:26:25
-1.825  -0.064  -1.669
12:26:25
-0.458  -6.308  3.869
12:26:25
-1.190  2.627  3.092
12:26:26
-0.159  2.657  -1.525
12:26:26
-0.467  0.905  -3.016
12:26:26
-1.777  -2.051  -1.408
12:26:26
-0.744  -5.573  2.520
12:26:26
-0.341  3.613  1.078
12:26:26
1.875  -4.341  -6.999
12:26:26
-0.891  1.349  -3.243
12:26:26
-2.295  -2.504  -0.358
12:26:26
-0.879  -5.528  2.903
12:26:26
0.545  4.966  1.321
12:26:26
3.246  -3.226  -5.834
12:26:26
-2.691  -0.916  -3.354
12:26:26
-2.580  -3.669  0.535
12:26:26
0.624  -3.535  2.975
12:26:26
1.005  3.872  -1.920
12:26:26
1.073  -2.972  -4.067
12:26:26
-0.528  1.103  -1.896
12:26:26
-3.194  -5.236  2.291
12:26:26
1.235  -0.750  2.958
12:26:26
2.394  0.433  -6.109
12:26:26
-0.574  -1.783  -1.195
12:26:26
-0.706  1.117  -1.668
12:26:26
-2.002  -6.505  3.707
12:26:26
0.164  2.572  2.928
12:26:26
1.474  -3.508  -6.998
12:26:26
-0.728  2.224  -1.929
12:26:26
-1.724  -1.605  -0.201
12:26:26
-0.614  -5.908  3.435
12:26:26
0.093  4.889  2.166
12:26:26
1.923  -3.011  -5.991
12:26:26
-1.458  0.393  -3.312
12:26:26
-2.739  -2.628  0.665
12:26:26
0.520  -4.333  3.172
12:26:26
0.329  5.866  0.110
12:26:26
2.967  -2.275  -5.313
12:26:26
-2.380  -0.752  -2.680
12:26:26
-3.535  -3.750  1.706
12:26:26
0.354  -2.660  2.339
12:26:26
1.217  2.483  -2.733
12:26:26
-0.587  -0.642  -3.287
12:26:26
0.567  1.243  -1.781
12:26:26
-3.224  -5.000  2.932
12:26:26
1.579  0.069  2.241
12:26:26
0.905  0.591  -5.901
12:26:26
-0.048  -0.968  -1.241
12:26:26
-0.671  1.385  -1.891
12:26:26
-2.216  -4.460  2.978
12:26:26
1.105  -0.223  1.410
12:26:26
0.422  1.462  -5.178
12:26:26
-0.033  -2.025  -1.920
12:26:26
-0.200  2.117  -1.941
12:26:26
-3.412  -4.615  2.791
12:26:26
0.490  -1.087  1.856
12:26:26
0.146  1.564  -4.323
12:26:26
-0.568  -1.377  -1.903
12:26:26
-0.094  2.249  -1.721
12:26:26
-3.315  -4.321  2.516
12:26:26
-0.008  -1.379  2.291
12:26:26
1.257  1.682  -4.889
12:26:26
-0.819  -1.664  -1.442
12:26:26
0.122  2.243  -1.135
12:26:26
-2.024  -5.683  3.952
12:26:26
-0.269  1.354  2.506
12:26:26
1.288  -0.296  -5.695
12:26:26
-1.146  -0.508  -0.953
12:26:26
-0.809  1.428  -1.907
12:26:26
-3.135  -4.576  3.175
12:26:26
0.199  -0.398  2.514
12:26:26
2.267  1.392  -4.779
12:26:26
-0.186  -1.862  -1.283
12:26:26
-0.408  2.356  -2.617
12:26:26
-3.388  -4.274  2.536
12:26:26
0.772  -1.644  2.112
12:26:26
0.842  1.480  -3.165
12:26:49
1.073  0.055  -2.808
12:26:49
-1.721  1.225  -1.868
12:26:49
-3.207  -3.714  2.319
12:26:49
0.663  -1.897  2.106
12:26:49
0.764  2.121  -3.096
12:26:49
0.828  -1.714  -1.377
12:26:49
-1.397  2.001  -1.998
12:26:49
-2.885  -2.723  1.754
12:26:49
1.316  -2.474  1.688
12:26:49
1.239  5.059  -0.891
12:26:49
2.023  -1.586  -4.299
12:26:49
-3.006  -0.800  -2.687
12:26:49
-2.166  -3.346  1.571
12:26:49
-0.011  -2.824  3.937
12:26:49
1.312  4.814  -0.500
12:26:49
3.314  -0.941  -4.270
12:26:49
-1.625  -0.721  -2.561
12:26:49
-2.580  -3.642  1.947
12:26:49
0.856  -2.857  3.569
12:26:49
1.344  3.752  -1.549
12:26:49
2.971  -0.095  -3.670
12:26:49
-1.997  -0.271  -2.296
12:26:49
-2.751  -3.708  1.881
12:26:49
0.966  -2.512  3.289
12:26:49
1.519  3.623  -2.041
12:26:49
0.525  -2.058  -3.319
12:26:49
0.548  2.028  -2.001
12:26:49
-2.654  -4.565  2.813
12:26:49
0.970  -0.826  3.151
12:26:49
2.486  1.044  -4.092
12:26:49
-0.129  -1.158  -2.105
12:26:49
0.478  2.320  -2.521
12:26:49
-2.899  -4.662  2.792
12:26:49
0.897  -1.362  3.050
12:26:49
1.473  2.313  -2.846
12:26:49
0.742  -1.142  -3.380
12:26:49
-0.074  2.117  -2.350
12:26:49
-2.440  -4.662  2.826
12:26:49
1.128  -1.517  3.184
12:26:49
1.790  1.398  -3.505
12:26:49
1.903  0.873  -3.514
12:26:49
-0.512  1.032  -2.073
12:26:49
-2.174  -4.346  2.508
12:26:49
0.864  -1.731  3.062
12:26:49
1.157  2.248  -4.374
12:26:49
0.219  -2.333  -1.947
12:26:49
0.602  3.003  -2.069
12:26:49
-2.145  -4.739  3.420
12:26:49
0.862  -0.213  2.689
12:26:49
1.995  1.475  -6.172
12:26:49
-0.711  -1.830  -1.236
12:26:49
0.417  1.702  -1.184
12:26:49
-0.163  -6.717  4.655
12:26:49
-0.648  3.313  2.720
12:26:49
1.950  -3.270  -7.032
12:26:49
0.300  2.846  -2.002
12:26:49
-1.677  -1.416  0.105
12:26:49
-0.228  -5.725  3.991
12:26:49
-0.528  5.194  2.406
12:26:49
2.185  -3.795  -6.213
12:26:49
-1.182  1.822  -2.582
12:26:49
-2.248  -0.923  -0.531
12:26:49
-0.910  -5.667  4.346
12:26:49
-1.291  3.557  2.696
12:26:49
2.446  -3.477  -6.913
12:26:49
-1.434  2.537  -2.039
12:26:49
-1.380  -0.211  -0.632
12:26:49
-1.478  -6.017  4.088
12:26:49
-1.062  3.244  2.436
12:26:49
0.904  -2.390  -7.630
12:26:49
-0.198  1.457  -1.656
12:26:49
-1.004  -0.195  -0.435
12:26:49
-0.899  -6.741  4.059
12:26:49
-1.536  3.997  3.049
12:26:49
0.790  -4.244  -7.774
12:26:49
-0.265  3.327  -1.863
12:26:49
-2.222  -0.435  -0.352
12:26:49
-0.423  -6.340  3.818
12:26:49
-1.596  4.190  2.531
12:26:49
1.500  -3.835  -6.186
12:26:49
-1.383  2.143  -2.684
12:26:49
-2.556  -1.242  -0.061
12:26:49
-1.161  -5.529  3.465
12:26:49
-0.899  4.546  2.290
12:26:49
1.748  -3.853  -6.453
12:26:49
-1.232  2.230  -2.931
12:26:49
-2.271  -1.772  0.397
12:26:49
-1.087  -5.932  3.574
12:26:49
0.079  6.341  2.651
12:26:49
1.817  -3.688  -6.124
12:26:49
-2.095  0.325  -3.639
12:26:49
-2.091  -1.818  0.324
12:26:49
-0.667  -4.785  3.640
12:26:49
-0.618  5.551  1.223
12:26:49
2.918  -2.704  -5.698
12:26:49
-2.785  -0.299  -3.138
12:26:49
-3.593  -2.773  1.326
12:26:49
0.753  -4.446  3.679
12:26:49
-0.061  6.277  -0.447
12:26:49
2.154  -3.196  -5.161
12:26:49
-2.726  0.008  -2.115
12:26:49
-3.743  -3.322  1.612
12:26:49
0.493  -3.136  2.611
12:26:49
0.390  3.588  -2.300
12:26:49
-0.306  -2.187  -3.135
12:26:49
-0.356  1.474  -2.079
12:26:49
-3.780  -4.629  3.089
12:26:49
1.573  -1.143  2.339
12:26:49
0.998  1.834  -4.166
12:26:49
-0.240  -2.047  -2.292
12:26:49
0.469  2.755  -2.467
12:26:49
-3.745  -4.273  2.631
12:26:49
1.148  -1.429  2.130
12:26:49
1.599  1.862  -3.748
12:26:49
-0.685  -2.080  -2.419
12:26:49
-0.156  2.340  -2.446
12:26:49
-3.234  -3.936  2.965
12:26:49
1.579  -1.738  2.251
12:26:49
1.472  2.263  -3.090
12:26:49
0.808  -1.573  -3.371
12:26:49
-0.071  1.864  -1.716
12:26:49
-3.503  -3.576  2.652
12:26:49
1.362  -1.832  2.351
12:26:49
1.000  1.737  -3.861
12:26:49
0.564  -2.086  -1.732
12:26:49
-0.390  2.653  -1.893
12:26:49
-3.000  -3.946  2.425
12:26:49
1.535  -1.542  2.349
12:26:49
1.782  1.415  -3.780
12:26:50
0.187  -1.896  -2.212
12:26:50
0.052  2.616  -2.009
12:26:50
-2.720  -3.795  2.801
12:26:50
0.846  -1.509  2.504
12:26:50
2.045  1.634  -3.696
12:26:50
-0.171  -1.713  -2.311
12:26:50
0.254  2.584  -1.266
12:26:50
-2.877  -4.997  3.125
12:26:50
0.612  0.061  3.194
12:26:50
2.055  1.600  -5.257
12:26:50
-0.467  -2.444  -1.400
12:26:50
0.095  2.129  -0.677
12:26:50
-1.375  -6.412  4.189
12:26:50
-0.564  2.629  3.416
12:26:50
2.603  -0.127  -5.955
12:26:50
-0.701  -1.243  -1.140
12:26:50
-0.166  1.397  -0.927
12:26:50
-1.640  -6.854  4.421
12:26:50
-1.094  2.940  4.332
12:26:50
3.117  -3.753  -6.684
12:26:50
-0.534  2.639  -1.420
12:26:50
-0.540  1.343  -0.990
12:26:50
-1.732  -7.041  4.387
12:26:50
-1.507  2.962  3.999
12:26:50
3.082  -3.149  -6.131
12:26:50
-1.964  1.103  -1.468
12:26:50
-1.293  1.069  0.239
12:26:50
-0.799  -7.630  3.328
12:26:50
-1.621  5.804  4.501
12:26:50
2.642  -3.082  -4.816
12:26:50
-1.242  -0.256  -2.755
12:26:50
-3.818  -1.787  1.798
12:26:50
0.307  -4.772  2.939
12:26:50
1.847  4.195  -0.386
12:26:50
-0.437  -4.297  -2.409
12:26:50
0.030  2.726  -1.796
12:26:50
-3.551  -4.871  4.666
12:26:50
1.435  -2.304  4.193
12:26:50
1.044  3.837  -0.345
12:26:50
-0.140  -2.308  -1.457
12:26:50
0.376  0.284  -2.052
12:26:50
0.504  -0.100  0.405
12:26:50
1.338  -4.281  4.052
12:26:50
1.653  0.557  2.848
12:26:50
1.327  0.824  -1.782
12:26:50
2.780  0.657  -3.167
12:26:50
1.441  -1.305  -3.252
12:26:50
-2.127  0.317  -2.793
12:26:50
-0.686  -1.028  0.567
12:26:50
-1.053  -4.484  4.689
12:26:50
-0.260  1.830  1.766
12:26:50
0.940  -0.793  -6.617
12:26:50
0.509  1.312  -2.847
12:26:50
0.078  1.215  -0.253
12:26:50
-0.753  -6.356  4.283
12:26:50
-0.088  0.841  2.294
12:26:50
0.067  1.559  -5.056
12:26:50
0.732  -2.208  -0.569
12:26:50
-1.630  1.948  0.482
12:26:50
-2.587  -6.512  4.095
12:26:50
-2.248  1.202  2.785
12:26:50
-0.043  0.172  -4.461
12:26:50
-1.756  -1.487  0.035
12:26:50
-2.332  1.096  -1.239
12:26:50
-4.287  -3.954  3.599
12:26:50
-1.377  -2.397  2.658
12:26:50
2.057  2.812  -0.229
12:26:50
0.594  -2.297  -2.661
12:26:50
0.152  0.402  -2.406
12:26:50
-2.075  -1.780  2.944
12:26:50
0.408  -3.592  2.318
12:26:50
1.387  5.645  1.840
12:26:50
1.476  -4.407  -3.458
12:26:50
-0.878  1.376  1.098
12:26:50
-1.596  -0.297  1.488
12:26:50
3.184  -1.195  -3.515
12:26:50
1.154  3.181  -1.181
12:26:50
-0.444  -4.123  -1.268
12:26:50
-0.741  2.036  2.272
12:26:50
0.310  -4.072  -0.669
12:26:50
2.301  4.990  0.056
12:26:50
2.058  -4.188  -4.451
12:26:50
-1.600  0.425  0.922
12:26:50
-3.317  0.936  2.714
12:26:50
2.033  -4.652  -1.868
12:26:50
1.750  5.032  0.265
12:26:50
2.087  0.645  -1.896
12:26:50
-1.982  -4.288  -1.832
12:26:50
-2.147  2.895  1.991
12:26:50
0.797  -4.681  0.742
12:26:50
1.309  4.026  0.561
12:26:50
1.613  -2.144  -3.484
12:26:50
-2.780  -0.746  0.294
12:26:50
-1.820  1.667  1.632
12:26:50
1.776  -3.356  -1.933
12:26:50
0.732  2.351  -0.752
12:26:50
-1.694  0.099  -0.217
12:26:50
-0.252  -2.266  -0.708
12:26:50
-0.195  -1.849  -1.650
12:26:51
-1.278  -3.365  1.553
12:26:51
-0.501  -1.534  -2.379
12:26:51
-0.266  -2.006  -0.281
12:26:51
0.044  -1.054  -0.221
12:26:51
-0.322  0.650  3.950
12:26:51
-2.079  -2.601  5.293
12:26:51
-0.823  7.545  1.887
12:26:51
1.241  -3.567  -0.134
12:26:51
-0.733  4.654  2.259
12:26:51
-1.293  -6.295  6.055
12:26:51
-0.925  3.334  4.070
12:26:51
0.638  -0.315  -4.351
12:26:51
-0.234  1.819  -0.196
12:26:51
-1.902  0.942  2.011
12:26:51
-0.224  -5.490  4.251
12:26:51
-2.519  3.524  4.077
12:26:51
1.874  -2.471  -4.780
12:26:51
-0.864  3.136  -0.819
12:26:51
-1.984  0.406  1.133
12:26:51
-1.628  -5.724  4.532
12:26:51
-1.450  3.669  3.324
12:26:51
0.545  -2.615  -3.857
12:26:51
-1.411  2.715  -2.256
12:26:51
-3.015  -1.195  2.303
12:26:51
-1.264  -4.845  4.112
12:26:51
-0.547  5.656  2.456
12:26:51
1.216  -3.085  -4.284
12:26:51
-1.322  1.185  -2.171
12:26:51
-2.966  -1.228  1.294
12:26:51
-0.806  -4.895  3.981
12:26:51
-0.693  5.155  2.558
12:26:51
1.588  -3.493  -4.839
12:26:51
-1.268  2.035  -1.727
12:26:51
-2.316  -1.062  0.990
12:26:51
-1.899  -5.584  3.903
12:26:51
-0.838  4.588  3.311
12:26:51
1.924  -3.574  -5.390
12:26:51
-1.369  2.338  -1.751
12:26:51
-1.966  -0.639  1.001
12:26:51
-1.624  -6.061  3.876
12:26:51
-1.756  4.030  3.314
12:26:51
1.727  -3.349  -5.459
12:26:51
-1.452  2.325  -0.926
12:26:51
-2.254  0.421  0.128
12:26:51
-1.571  -6.169  3.550
12:26:51
-2.018  3.143  3.007
12:26:51
1.578  -1.877  -5.461
12:26:51
-1.078  1.024  -0.762
12:26:51
-1.802  0.605  -0.262
12:26:51
-2.033  -6.204  3.594
12:26:51
-1.633  2.416  3.168
12:26:51
2.584  -1.735  -5.138
12:26:51
-1.754  1.112  -1.392
12:26:51
-1.970  0.836  -0.020
12:26:51
-2.041  -6.575  3.377
12:26:51
-1.798  2.671  3.110
12:27:00
2.507  -2.214  -5.163
12:27:00
-2.317  1.334  -0.877
12:27:00
-1.985  0.855  -0.594
12:27:00
-2.326  -6.407  3.601
12:27:00
-1.545  2.754  3.085
12:27:00
2.185  -2.003  -5.415
12:27:00
-1.981  1.024  -1.080
12:27:00
-1.276  0.846  -0.394
12:27:00
-2.098  -6.170  3.497
12:27:00
-1.263  2.547  2.840
12:27:00
2.546  -0.398  -5.302
12:27:00
-1.824  -0.454  -1.247
12:27:00
-1.118  0.767  -0.591
12:27:00
-1.480  -5.969  3.148
12:27:00
-1.540  1.941  2.978
12:27:00
2.868  -0.805  -4.793
12:27:00
-1.912  0.151  -1.345
12:27:00
-2.080  1.069  -0.257
12:27:00
-2.091  -6.259  3.240
12:27:00
-1.612  2.306  2.880
12:27:00
1.727  -0.759  -5.428
12:27:00
-1.144  -0.109  -0.913
12:27:00
-1.930  0.938  -0.305
12:27:00
-1.689  -6.137  3.110
12:27:00
-1.731  2.591  2.916
12:27:00
1.847  -1.425  -5.156
12:27:00
-1.734  0.374  -1.391
12:27:00
-1.711  0.768  -0.235
12:27:00
-0.735  -6.217  3.086
12:27:00
-1.849  2.793  3.005
12:27:00
1.960  -1.759  -5.516
12:27:00
-1.579  0.831  -1.085
12:27:00
-1.958  0.526  -0.647
12:27:00
-1.229  -6.204  3.525
12:27:00
-1.466  2.815  2.828
12:27:00
1.684  -1.416  -5.544
12:27:00
-1.046  0.463  -1.060
12:27:00
-2.181  0.934  -0.351
12:27:05
-1.462  -6.281  3.062
12:27:05
-1.548  2.595  2.862
12:27:05
2.261  -1.460  -5.378
12:27:05
-1.586  0.680  -1.226
12:27:05
-2.470  0.425  0.074
12:27:05
-1.689  -6.129  2.965
12:27:05
-1.765  3.415  3.136
12:27:05
1.050  -4.039  -5.508
12:27:05
-1.241  2.657  -1.914
12:27:05
-0.107  2.798  1.492
12:27:05
-0.990  1.853  3.733
12:27:05
-0.508  2.194  2.546
12:27:05
0.162  2.456  -0.206
12:27:05
-1.041  1.876  -2.080
12:27:05
-0.037  2.137  1.131
12:27:05
-0.820  1.295  3.384
12:27:05
-0.486  1.697  1.910
12:27:05
0.304  1.869  -0.013
12:27:05
-0.834  1.373  -1.875
12:27:05
-0.062  1.636  0.626
12:27:05
-0.491  0.832  3.290
12:27:05
-0.299  1.234  1.848
12:27:05
0.454  1.413  0.115
12:27:05
-0.704  0.916  -1.938
12:27:05
-0.146  1.212  -0.194
12:27:05
-0.519  0.537  2.939
12:27:05
-0.523  0.859  1.617
12:27:05
-0.090  0.960  -0.652
12:27:05
-0.731  -2.197  5.619
12:27:05
0.672  -2.398  2.201
12:27:05
0.423  4.903  1.060
12:27:05
2.609  -3.002  -5.998
12:27:05
-1.856  1.737  -2.121
12:27:05
-2.379  -0.399  0.341
12:27:05
-0.156  -4.814  2.861
12:27:05
-0.779  4.679  2.149
12:27:05
1.669  -3.859  -5.867
12:27:05
-1.236  2.277  -1.946
12:27:05
-1.905  0.230  -0.163
12:27:05
-0.560  -5.431  2.875
12:27:05
-1.249  3.502  2.371
12:27:05
2.544  -2.404  -5.993
12:27:05
-1.074  1.492  -1.358
12:27:05
-1.661  0.613  -0.570
12:27:05
-2.076  -5.905  3.555
12:27:05
-1.452  2.316  2.255
12:27:05
1.839  0.230  -5.122
12:27:05
-1.346  -1.250  -0.633
12:27:05
-1.732  1.644  -1.727
12:27:05
-3.386  -3.995  2.523
12:27:05
0.114  -1.431  1.707
12:27:05
0.778  2.125  -1.668
12:27:05
-0.790  -1.507  -2.051
12:27:05
0.099  1.408  -2.983
12:27:05
-2.447  -2.447  2.049
12:27:05
-1.220  -3.858  3.822
12:27:05
1.739  4.204  1.824
12:27:05
1.922  -2.177  -3.572
12:27:05
-0.147  0.309  -2.634
12:27:05
-1.277  -1.118  0.745
12:27:05
-0.490  -5.623  5.462
12:27:05
0.395  2.696  3.613
12:27:05
1.932  -3.598  -4.215
12:27:05
1.017  2.396  0.155
12:27:05
-0.447  0.636  0.053
12:27:05
-0.635  -5.451  4.494
12:27:05
-0.120  0.181  3.508
12:27:05
1.579  0.270  -1.850
12:27:05
0.424  -1.405  1.159
12:27:05
0.599  0.986  -0.089
12:27:05
-1.432  -2.078  2.870
12:27:05
1.103  -1.928  2.335
12:27:05
0.802  1.035  2.786
12:27:05
0.938  -1.798  0.631
12:27:05
0.799  -0.429  1.135
12:27:05
0.953  -0.282  0.707
12:27:05
1.058  -0.162  0.194
12:27:05
0.500  -0.105  -0.047
12:27:05
1.018  -0.225  1.124
12:27:05
0.520  -0.242  -0.568
12:27:05
0.439  -0.244  0.187
12:27:05
0.364  -0.123  0.333
12:27:05
0.224  -0.215  0.328
12:27:05
0.629  -0.070  0.361
12:27:05
0.009  -0.056  -0.446
12:27:05
0.191  -0.321  0.473
12:27:05
-0.334  -0.377  1.238
12:27:05
3.384  0.332  -1.937
12:27:05
7.678  -1.726  -3.705
12:27:05
7.720  -2.009  -3.315
12:27:05
7.216  -1.836  -2.723
12:27:05
6.613  -1.570  -2.554
12:27:05
8.032  -2.946  -3.016
12:27:05
7.387  -3.115  -0.780