0
0.000  0.000  -0.000
-3.831  -4.035  1.203
0.686  -6.831  0.614
3.078  -4.511  -0.286
6.855  -0.757  0.416
6.023  -0.578  0.438
1
0.000  0.000  -0.000
-2.365  -3.293  0.605
-0.624  -6.946  1.205
2.995  -4.780  -1.237
4.239  -2.243  -0.407
7.001  -0.231  -1.120
2
0.000  0.000  -0.000
-3.222  -3.275  -0.113
-2.087  -7.578  0.180
2.297  -5.373  0.521
5.050  -3.366  0.161
7.598  -1.326  0.229
3
0.000  0.000  -0.000
-1.088  -4.296  0.572
-4.681  -7.431  0.702
4
0.000  0.000  -0.000
-2.538  -2.078  -0.783
-4.353  -7.949  2.026
1.465  -6.739  -0.599
7.993  -2.693  -0.262
6.396  -2.223  -0.027
5
0.000  0.000  -0.000
-2.598  -3.561  0.498
-0.965  -7.545  -0.384
2.834  -4.901  -0.706
4.597  -2.155  0.177
4.963  -1.106  -0.698
6
0.000  0.000  -0.000
2.850  -3.634  -0.970
5.633  -2.136  -0.643
6.545  0.241  0.743
5.986  0.898  0.562
7
0.000  0.000  -0.000
-0.892  -2.688  0.034
-3.130  -6.909  1.003
-0.512  -4.434  0.259
8
9
0.000  0.000  -0.000
-2.059  -1.546  -1.122
10
11
0.000  0.000  -0.000
-2.125  -3.239  -0.359
-0.743  -7.996  -0.211
12
0.000  0.000  -0.000
13
0.000  0.000  -0.000
-1.131  -2.102  -0.188
-3.629  -5.746  2.527
14
15
0.000  0.000  -0.000
-0.845  -1.981  0.108
16
0.000  0.000  -0.000
17
0.000  0.000  -0.000
-1.838  -2.986  -0.247
-0.605  -6.774  0.077
2.500  -4.419  -0.487
7.110  -1.733  -0.226
6.011  -1.446  -0.290
18
0.000  0.000  -0.000
19
20
21
22
23
0.000  0.000  -0.000
-1.054  -1.204  -0.590
-2.786  -4.410  -0.424
-3.336  -7.970  1.337
0.789  -5.481  -0.135
2.688  -2.306  -0.974
4.329  -1.663  0.752
5.162  -1.086  -0.733
3.357  -0.470  0.127
24
0.000  0.000  -0.000
-2.406  -2.206  0.360
-3.472  -7.117  0.541
1.103  -6.174  -0.305
3.644  -2.750  -1.719
4.326  -1.415  -0.803
4.630  -1.260  -1.334
3.278  -0.832  -0.486
25
0.000  0.000  -0.000
-1.664  -1.476  0.117
-4.414  -6.499  1.912
-0.537  -6.600  -1.065
5.580  -2.608  -1.346
3.027  -2.103  -0.631
5.056  -2.129  -0.517
26
0.000  0.000  -0.000
-2.219  -1.232  -0.113
-4.957  -7.070  2.550
-2.627  -8.458  0.462
3.265  -4.363  0.221
3.083  -1.529  -0.053
6.243  -2.372  -0.300
3.789  -0.881  0.088
27
0.000  0.000  -0.000
-0.003  -0.121  0.235
-1.007  -1.283  -0.355
-4.751  -4.079  -0.139
-5.473  -8.110  2.652
-1.413  -5.832  0.111
0.796  -2.303  -0.412
4.158  -2.654  0.011
3.705  -1.401  -0.171
28
0.000  0.000  -0.000
-1.749  -1.552  -0.310
-3.102  -6.049  2.024
-0.822  -5.865  1.023
2.081  -3.822  -0.126
2.001  -1.475  0.040
5.780  -2.587  -0.589
3.186  -0.800  -0.184
29
0.000  0.000  -0.000
-2.265  -3.384  0.047
-1.880  -7.884  -0.325
2.407  -5.916  0.957
8.744  -1.969  -0.963
7.329  -1.643  -0.863
30
0.000  0.000  -0.000
-2.736  -3.222  0.591
31
0.000  0.000  -0.000
32
0.000  0.000  -0.000
-0.409  -3.390  -0.295
0.653  -6.054  -0.312
2.583  -3.336  -0.676
6.135  -1.902  -1.386
5.046  0.099  0.334
3.675  0.520  -0.524
33
0.000  0.000  -0.000
-1.581  -4.832  0.616
-1.112  -7.473  0.136
3.897  -4.700  -0.565
4.271  -1.856  -1.067
7.602  -0.563  -2.460
3.590  0.691  -0.689
34
0.000  0.000  -0.000
0.698  -4.801  0.383
-2.866  -7.515  1.244
2.459  -2.930  -1.019
4.917  -0.280  -0.167
4.675  1.044  -0.378
35
0.000  0.000  -0.000
-1.824  -3.664  -0.478
0.009  -5.960  -0.258
3.002  -4.008  -0.784
6.993  -1.379  -1.608
5.949  -1.143  -1.644
36
0.000  0.000  -0.000
-3.398  -5.746  2.439
0.485  -7.575  -0.412
4.543  -4.147  -0.920
6.079  -2.464  0.467
5.725  -0.151  -0.758
37
0.000  0.000  -0.000
-2.528  -1.785  -0.767
-4.380  -8.724  0.942
0.139  -8.259  -1.122
3.601  -3.500  -0.977
5.360  -1.944  -1.417
5.106  -0.257  -0.761
38
0.000  0.000  -0.000
-1.869  -1.990  -0.353
-3.071  -7.427  -0.832
-0.532  -7.382  -0.973
3.296  -3.961  0.574
5.772  -2.843  -0.339
4.376  -0.622  0.678
39
0.000  0.000  -0.000
-2.036  -2.169  -0.975
-2.430  -7.476  0.478
-0.156  -6.828  -0.482
2.318  -3.386  -0.784
6.212  -3.109  0.118
5.144  -0.188  -0.720
3.902  -0.259  0.309
40
0.000  0.000  -0.000
-2.914  -3.421  -0.438
-0.347  -7.023  1.123
0.461  -5.306  0.072
2.281  -3.753  1.031
7.835  -2.309  -0.466
3.890  -0.165  -0.023
41
0.000  0.000  -0.000
-1.728  -4.550  -0.231
-0.684  -7.591  0.223
3.052  -4.583  -0.688
5.199  -2.708  -1.040
7.760  -1.099  -0.396
42
0.000  0.000  -0.000
-2.100  -2.657  -0.329
-2.121  -6.868  0.173
1.604  -5.904  -0.136
7.321  -1.720  -0.721
5.438  -1.581  -0.611
4.581  -0.664  0.315
43
0.000  0.000  -0.000
-2.469  -4.314  0.407
-0.150  -7.634  -0.086
2.318  -4.927  -0.160
4.083  -2.338  -0.260
7.884  -1.907  0.495
4.108  -0.322  0.712
44
0.000  0.000  -0.000
-1.137  -4.544  0.279
0.379  -6.709  0.440
3.462  -4.125  -0.571
5.688  -2.340  0.667
6.032  -0.793  0.299
45
0.000  0.000  -0.000
-1.754  -4.918  0.243
0.607  -6.667  -0.762
4.525  -4.125  -0.942
5.961  -2.146  -0.385
5.423  -0.744  -0.946
4.045  -0.458  -0.238
46
0.000  0.000  -0.000
-2.767  -5.038  0.842
0.624  -8.056  0.394
4.808  -4.462  -0.187
7.784  -0.217  -0.047
6.518  -0.212  -0.310
47
0.000  0.000  -0.000
-2.696  -3.352  0.468
-2.165  -8.808  1.581
1.345  -5.875  0.026
3.048  -2.880  0.140
6.534  -3.027  -0.653
3.579  -0.506  1.064
48
0.000  0.000  -0.000
-2.616  -3.756  -0.212
-1.385  -8.577  1.723
2.261  -5.808  0.240
4.572  -3.162  1.012
5.752  -0.309  0.392
49
0.000  0.000  -0.000
-1.918  -1.829  -0.919
-5.693  -8.258  0.478
-0.001  -8.127  0.440
6.644  -3.165  0.209
4.907  -2.700  0.086
5.546  -1.254  0.543
50
0.000  0.000  -0.000
-3.095  -4.231  0.370
-0.853  -8.012  0.800
2.171  -5.066  -1.629
7.755  -3.026  1.018
7.009  -2.547  0.906
51
52
0.000  0.000  -0.000
-2.595  -3.371  0.385
-1.263  -7.005  0.598
1.800  -5.558  -0.440
53
0.000  0.000  -0.000
54
0.000  0.000  -0.000
-4.295  -4.656  1.330
-1.821  -9.848  1.641
3.850  -6.371  2.135
5.866  -2.881  0.579
7.067  -2.022  1.087
4.225  -0.951  0.998
55
0.000  0.000  -0.000
-2.671  -4.859  1.734
-1.827  -8.633  0.597
3.909  -4.926  0.551
8.748  -1.360  -0.862
7.656  -1.132  -0.879
4.097  -0.577  0.565
56
0.000  0.000  -0.000
-2.995  -2.140  -0.295
2.938  -6.898  1.094
-1.981  -7.398  1.509
1.835  -2.299  0.435
4.626  -0.206  -0.045
4.014  -0.190  -0.054
3.065  0.162  -0.250
57
0.000  0.000  -0.000
0.671  -4.205  2.031
-2.985  -6.881  2.097
1.606  -3.319  -0.372
7.129  -0.617  -1.293
5.894  -0.497  -1.006
3.026  0.642  0.214
58
0.000  0.000  -0.000
-2.035  -5.819  0.451
59
60
0.000  0.000  -0.000
61
0.000  0.000  -0.000
-2.221  -6.340  2.213
0.636  -7.711  0.122
4.244  -4.075  -1.391
62
63
0.000  0.000  -0.000
-3.132  -3.445  0.756
-1.245  -7.409  0.123
2.765  -5.727  -0.913
7.675  -1.556  -1.853
6.417  -1.298  -1.743
3.919  -0.228  -0.199
64
0.000  0.000  -0.000
-0.377  -5.274  1.510
-4.000  -8.799  1.528
65
0.000  0.000  -0.000
66
0.000  0.000  -0.000
-2.243  -6.017  0.584
1.946  -7.119  -0.754
4.419  -3.804  0.458
6.599  -0.383  0.309
5.401  -0.278  0.566
5.479  -0.649  -0.098
67
0.000  0.000  -0.000
-4.187  -6.193  2.310
1.721  -7.990  0.624
5.056  -4.039  -0.774
5.820  -1.843  -1.199
6.474  -0.951  -0.238
4.609  -0.182  -0.728
68
0.000  0.000  -0.000
-2.473  -4.337  0.746
-0.845  -7.798  -0.146
3.240  -5.503  -1.142
7.752  -0.671  -1.281
6.685  -0.507  -1.021
3.924  -0.005  -0.034
69
70
0.000  0.000  -0.000
71
0.000  0.000  -0.000
0.181  -0.083  0.021
72
0.000  0.000  -0.000
-1.760  -2.032  -0.166
-4.436  -7.754  0.342
0.101  -7.833  1.996
2.930  -3.386  -0.602
8.711  -2.713  -1.114
3.500  0.485  0.449
73
0.000  0.000  -0.000
-2.197  -4.542  1.158
0.113  -6.591  -0.146
3.738  -4.078  -0.737
4.400  -1.596  -0.850
7.146  -1.697  -1.527
3.832  -0.131  -0.619
3.850  -0.185  -0.470
74
0.000  0.000  -0.000
-1.886  -2.027  0.429
-2.973  -6.611  0.900
-0.297  -6.296  -0.565
2.792  -3.486  -1.055
3.028  -1.749  -0.321
6.262  -1.746  -0.172
2.955  -0.204  -0.417
3.397  -0.514  -0.337
2.502  -0.215  -0.244
75
0.000  0.000  -0.000
-1.137  -2.042  0.766
-2.572  -4.960  0.413
-2.617  -7.903  -0.250
0.814  -5.591  -1.933
4.942  -3.018  -2.405
5.934  -1.193  -0.512
3.958  -0.243  -1.126
3.334  -0.055  -1.042
76
0.000  0.000  -0.000
-1.616  -1.336  -0.078
-4.279  -5.890  0.351
-0.909  -7.315  0.432
3.275  -3.695  -0.895
3.702  -1.775  -0.069
5.660  -1.600  -0.886
3.163  -0.494  -0.219
3.162  -0.616  -0.152
2.554  -0.335  -0.121
77
0.000  0.000  -0.000
-2.144  -3.378  0.631
-0.890  -6.373  0.148
1.535  -4.666  -0.225
8.106  -3.172  -1.434
7.009  -2.657  -1.317
2.329  -0.257  0.552
3.126  -0.719  -0.408
2.713  -0.648  -0.503
78
0.000  0.000  -0.000
-2.440  -3.962  0.521
-0.698  -7.209  0.028
3.343  -5.073  1.382
4.488  -1.959  -0.316
6.094  -1.707  0.263
4.249  -0.696  0.219
79
0.000  0.000  -0.000
-2.354  -3.109  -0.534
-2.502  -7.385  1.033
1.978  -5.837  -0.389
3.632  -2.580  -0.159
6.572  -1.600  -0.307
4.385  -0.183  -0.065
3.866  -0.256  0.315
3.367  -0.141  -0.167
80
0.000  0.000  -0.000
-2.084  -2.780  -0.404
81
0.000  0.000  -0.000
82
0.000  0.000  -0.000
-3.201  -3.733  0.804
-1.779  -7.572  -0.460
83
84
85
0.000  0.000  -0.000
-1.924  -6.455  1.116
2.291  -6.919  0.145
4.379  -3.412  -0.516
7.895  -1.979  -0.276
4.888  0.140  -0.519
4.223  0.049  0.183
3.657  0.183  0.179
86
0.000  0.000  -0.000
-2.291  -4.173  0.237
-0.943  -7.074  1.097
2.452  -4.747  -0.094
8.290  -2.924  0.301
7.041  -2.453  0.144
3.751  -0.529  0.780
87
0.000  0.000  -0.000
-0.948  -4.414  0.783
-0.175  -6.303  -0.258
2.725  -4.186  0.078
88
0.000  0.000  -0.000
0.141  -0.093  -0.025
89
0.000  0.000  -0.000
-1.860  -4.645  1.162
0.423  -6.388  0.284
3.981  -4.210  0.076
4.900  -2.243  0.218
6.594  -2.218  1.367
4.035  -0.810  0.691
3.616  -0.753  0.533
3.257  -0.726  0.505
90
0.000  0.000  -0.000
-2.370  -3.334  -0.019
-2.355  -7.570  1.090
1.615  -5.941  0.239
3.706  -2.955  -0.604
7.283  -2.993  -0.474
4.010  -0.545  0.498
4.078  -0.650  -0.142
91
0.000  0.000  -0.000
-1.131  -1.838  -0.354
-2.983  -6.734  1.426
0.491  -6.146  -0.119
2.727  -3.042  -0.694
3.171  -1.707  1.235
6.434  -1.596  -0.060
3.361  -0.030  0.173
3.165  -0.109  -0.103
92
0.000  0.000  -0.000
-0.890  -0.923  -0.717
-2.708  -4.769  0.128
-1.748  -6.275  1.256
1.275  -4.103  -0.391
2.282  -1.995  -0.595
3.255  -1.263  -0.256
5.255  -1.436  -0.348
3.084  -0.190  0.087
93
0.000  0.000  -0.000
-2.177  -2.507  0.355
-4.322  -8.941  0.568
2.132  -6.314  -0.038
3.567  -2.404  0.226
4.072  -1.377  0.404
6.176  -1.148  -0.291
3.347  -0.169  0.257
3.424  -0.314  -0.188
94
0.000  0.000  -0.000
-1.531  -2.967  0.277
-1.307  -6.282  0.624
1.781  -4.965  -0.250
2.627  -2.187  -0.820
5.743  -1.972  -0.172
4.114  -0.498  -0.287
3.332  -0.244  -0.416
2.875  -0.267  0.135
2.739  -0.191  -0.462
95
0.000  0.000  -0.000
-1.482  -1.465  -0.219
-3.166  -6.083  1.100
-1.361  -6.723  0.154
2.740  -4.099  0.176
2.463  -1.539  0.363
5.854  -1.788  -0.294
3.192  -0.424  0.237
3.085  -0.355  0.003
2.687  -0.312  -0.010
96
0.000  0.000  -0.000
-1.586  -4.241  0.512
0.548  -6.131  -0.569
3.252  -3.834  0.814
3.871  -1.522  -0.199
5.574  -1.249  -1.088
4.493  -0.518  0.411
3.672  -0.128  -0.530
2.903  0.096  -0.034
2.576  0.019  -0.150
97
0.000  0.000  -0.000
0.550  -3.083  -0.355
1.819  -3.587  -0.318
3.275  -2.487  -0.428
4.955  -1.948  0.476
6.054  -0.929  -0.029
3.350  0.472  0.889
3.187  0.222  0.103
2.875  0.208  0.177
98
0.000  0.000  -0.000
-2.134  -2.341  0.119
-2.570  -6.955  0.201
0.651  -5.456  0.670
3.259  -2.776  -0.251
3.027  -1.290  0.091
7.419  -2.247  -1.062
3.300  -0.188  0.273
99
0.000  0.000  -0.000
100
0.000  0.000  -0.000
-0.751  0.512  -0.151
-0.552  0.286  0.165
101
0.000  0.000  -0.000
-1.535  -5.499  0.581
1.705  -6.293  -0.409
3.809  -3.640  0.205
7.870  -2.273  -0.372
4.794  0.111  0.369
4.279  0.172  0.515
0
0.000  0.000  -0.000
1.650  -7.608  0.582
-3.238  -6.957  -1.048
-8.255  -2.699  -2.163
-6.794  1.093  -1.094
1
0.000  0.000  -0.000
1.063  -5.870  0.581
-1.699  -6.910  -0.815
-4.062  -4.052  -2.136
-8.021  -1.676  -2.350
-4.824  0.975  -1.008
2
0.000  0.000  -0.000
3.049  -4.484  0.261
2.885  -9.527  0.861
-2.909  -7.206  -0.166
-8.196  -2.659  -2.668
3
0.000  0.000  -0.000
2.796  -3.002  0.703
4.119  -10.580  0.994
-1.643  -8.338  -0.806
-7.309  -3.780  -1.188
-7.083  0.823  -1.857
4
0.000  0.000  -0.000
1.973  -4.217  1.032
1.461  -8.964  1.139
-3.638  -6.244  -1.058
-6.600  0.970  -1.312
-5.600  0.852  -1.281
5
0.000  0.000  -0.000
2.245  -3.911  0.229
2.518  -9.816  1.003
-2.758  -6.915  -1.036
-8.057  -1.890  -2.364
-6.056  1.401  -1.077
6
0.000  0.000  -0.000
1.943  -3.267  0.283
0.534  -7.805  0.647
-0.544  -5.985  -0.801
-6.540  -3.259  -2.239
-6.144  0.651  -1.550
-3.860  1.201  -1.126
7
0.000  0.000  -0.000
1.138  -5.198  0.899
-0.671  -6.903  -0.211
-3.787  -4.291  -1.709
-8.827  -0.943  -2.020
-4.702  1.674  -1.097
-4.460  1.197  -1.041
8
0.000  0.000  -0.000
2.276  -4.328  0.637
1.589  -9.054  -0.043
-3.379  -5.628  -0.307
-6.370  -2.185  -0.782
-6.276  0.384  -0.911
-3.878  1.039  -0.682
9
0.000  0.000  -0.000
-3.131  -5.073  0.363
-7.516  -2.040  -0.888
-8.211  0.733  -0.205
-6.726  2.078  -1.182
-5.071  1.995  -0.673
10
0.000  0.000  -0.000
-0.535  -5.485  -0.014
2.649  -8.968  0.205
-4.013  -3.602  -1.130
-5.132  0.409  -0.863
-5.961  1.103  -1.407
-4.039  1.650  -0.537
-3.291  1.646  -0.542
11
0.000  0.000  -0.000
1.315  -1.513  -0.384
3.711  -8.238  0.438
-0.486  -9.483  -0.262
-1.647  -4.266  -0.816
-6.175  -2.236  -0.889
-4.864  0.027  -0.612
12
0.000  0.000  -0.000
2.360  -3.185  0.005
3.709  -9.757  1.382
-1.312  -8.469  -0.276
-6.259  -2.675  -1.069
-7.274  -0.755  -1.161
-4.633  1.107  -0.585
13
0.000  0.000  -0.000
2.427  -3.193  0.479
1.411  -7.754  0.276
-0.248  -6.618  -0.860
-5.829  -3.839  -1.288
-6.848  -0.570  -2.871
14
0.000  0.000  -0.000
-1.079  -6.497  0.688
-4.973  -6.089  -1.333
-8.845  -1.913  -1.972
-6.801  1.172  -1.167
-5.222  1.265  -1.345
15
0.000  0.000  -0.000
1.440  -3.066  0.835
-2.299  -6.082  0.738
2.528  -7.046  0.812
-4.286  -2.865  -0.755
-4.950  0.492  -1.219
-2.384  1.450  -0.429
16
0.000  0.000  -0.000
-0.508  -5.221  0.247
-4.519  -4.335  -1.067
-7.052  -1.912  -0.602
-7.537  0.445  -1.619
-4.635  1.429  -0.713
-4.373  1.066  -0.769
17
0.000  0.000  -0.000
1.075  -5.970  1.401
-2.456  -6.544  -0.173
-4.094  -3.624  -0.935
-7.825  -1.266  0.113
-5.874  0.555  -0.893
-4.295  0.810  -0.345
18
0.000  0.000  -0.000
-0.444  -6.055  -0.044
-4.190  -5.033  -1.101
-6.501  -1.973  -0.991
-7.897  -0.156  -1.691
-4.445  1.277  -0.794
19
0.000  0.000  -0.000
-1.527  -5.291  0.619
2.258  -8.387  0.679
-2.589  -4.021  -0.634
-7.643  -0.948  -1.469
-4.823  1.367  -0.483
-3.786  1.372  -0.839
20
0.000  0.000  -0.000
0.073  -5.154  0.694
-2.806  -5.975  -0.634
-5.175  -3.220  -0.885
-8.599  -1.502  -1.781
-4.455  0.946  -0.447
21
0.000  0.000  -0.000
2.441  -5.352  0.882
-1.169  -7.408  0.037
-2.922  -5.153  -0.756
-6.851  -2.226  -0.992
-6.289  0.174  -1.253
-4.094  0.704  -0.536
22
0.000  0.000  -0.000
1.143  -2.904  0.172
1.457  -7.217  1.269
0.047  -6.567  0.826
-4.048  -3.726  -0.867
-6.457  -1.451  -0.278
-4.636  0.311  -0.551
-3.419  0.448  -0.426
-3.355  0.274  -0.231
-3.064  0.341  -0.511
23
0.000  0.000  -0.000
1.634  -4.195  -0.185
1.293  -8.285  0.495
-2.900  -5.894  -0.688
-4.241  -2.075  -0.346
-8.041  -1.287  -1.343
-4.132  0.738  -0.186
24
0.000  0.000  -0.000
1.704  -1.808  -0.403
3.312  -7.502  0.446
2.187  -8.499  0.793
-3.769  -5.413  -1.049
-6.827  -1.900  -1.917
-4.072  0.638  -0.942
-3.925  0.183  -0.882
-3.030  0.480  -0.561
25
0.000  0.000  -0.000
0.984  -4.022  0.636
4.629  -8.279  1.794
-1.451  -5.864  0.901
-5.530  -2.379  -0.272
-5.914  -0.096  -1.355
-3.602  0.697  -0.731
26
0.000  0.000  -0.000
0.811  -5.065  0.907
-2.384  -6.031  -0.203
-4.722  -3.335  -1.126
-8.750  -1.779  -1.257
-4.501  0.876  -0.809
-4.594  0.250  -0.891
27
0.000  0.000  -0.000
0.884  -0.558  -0.361
2.832  -5.139  0.061
3.744  -9.856  1.751
-1.044  -7.397  -0.491
-2.635  -2.814  -0.599
-7.311  -1.313  -2.115
-3.169  0.581  -0.427
-3.384  0.312  -0.832
28
0.000  0.000  -0.000
2.180  -6.370  1.061
-1.612  -8.152  0.029
-4.182  -4.280  -1.199
-9.325  -1.983  -1.963
-4.672  1.096  -0.755
-4.473  0.610  -1.075
29
0.000  0.000  -0.000
1.696  -2.453  0.077
-2.712  -6.075  -0.294
1.719  -8.322  0.421
-1.564  -2.342  -0.642
-7.005  -1.681  -2.080
-2.798  1.423  -0.383
30
0.000  0.000  -0.000
1.060  -2.650  -0.222
2.822  -7.159  1.090
-0.041  -7.336  -0.093
-3.320  -4.106  -0.779
-7.684  -1.991  -2.028
-4.106  0.587  -1.061
-4.073  0.233  -1.010
31
0.000  0.000  -0.000
1.135  -1.634  0.135
-1.126  -4.676  0.363
2.656  -8.259  0.854
-0.036  -4.434  -0.376
-5.425  -2.098  -0.481
-4.491  0.977  -1.773
-2.909  0.927  -0.716
32
0.000  0.000  -0.000
1.083  -2.454  0.519
2.533  -7.536  0.356
0.548  -6.090  0.314
-2.878  -3.019  -0.844
-7.466  -1.513  -1.624
-3.210  1.146  -0.610
-3.368  0.663  -0.773
33
0.000  0.000  -0.000
2.032  -3.144  -0.052
3.178  -9.651  1.625
-1.335  -8.094  0.196
-8.591  -1.927  -2.584
-7.288  -1.575  -2.180
-3.637  0.364  -0.825
34
0.000  0.000  -0.000
2.334  -2.839  0.103
2.955  -9.496  0.730
-1.599  -7.278  -0.616
-4.658  -3.886  -1.319
-8.014  -0.722  -0.922
-3.798  1.028  -0.843
35
0.000  0.000  -0.000
-0.552  -5.867  0.631
-4.432  -4.918  -0.539
-6.716  -2.087  -1.263
-9.315  0.078  -2.403
-4.893  1.396  -0.289
-4.370  1.102  -1.258
36
0.000  0.000  -0.000
-0.419  -4.418  0.637
-3.883  -4.427  -0.395
-9.812  -1.289  -2.682
-7.986  -0.978  -2.496
-3.696  1.027  -0.032
-3.719  0.646  -0.222
37
0.000  0.000  -0.000
0.646  -7.343  0.522
-4.016  -6.820  -1.444
-8.777  -2.464  -2.419
-7.848  1.417  -2.215
-5.242  1.761  -1.396
-4.213  1.845  -1.214
38
0.000  0.000  -0.000
-5.353  -2.736  -0.614
-0.380  -5.677  0.180
-3.037  -2.888  -0.359
-7.324  -0.882  -1.618
-2.930  1.314  -0.123
-3.023  0.732  -0.291
-2.589  0.795  -0.449
39
0.000  0.000  -0.000
-0.416  -1.734  0.648
2.040  -6.780  1.004
0.691  -5.737  -0.256
-4.936  -3.537  -0.735
-6.646  -0.759  -1.184
-3.441  0.864  -0.272
40
0.000  0.000  -0.000
0.007  -4.980  0.999
-2.358  -5.414  -0.244
-5.076  -2.801  -0.962
-8.960  -0.953  -0.901
-4.497  1.337  -0.456
-4.263  0.903  -0.593
-3.534  0.962  -0.593
41
0.000  0.000  -0.000
1.016  -4.317  0.419
-1.280  -5.796  -0.259
-2.848  -3.580  -1.318
-3.339  -1.926  -0.798
-8.911  -1.662  -2.172
-3.869  0.842  -1.014
-3.794  0.456  -0.936
-3.381  0.421  -0.819
42
0.000  0.000  -0.000
1.381  -3.672  0.555
2.354  -9.267  0.729
-0.630  -7.195  -0.390
-5.991  -2.913  -2.144
-7.266  0.345  -1.538
-4.301  1.557  -0.960
-3.562  1.397  -0.954
43
0.000  0.000  -0.000
0.516  -2.655  0.320
1.737  -6.808  0.268
0.455  -7.189  -0.104
-2.304  -3.974  -0.932
-6.780  -1.874  -1.374
-4.727  0.724  -0.886
-3.276  0.768  -0.881
-2.827  0.655  -0.964
44
0.000  0.000  -0.000
0.034  -0.274  -0.073
1.635  -2.561  -0.002
4.457  -9.982  2.133
2.389  -10.117  -0.156
-3.019  -4.453  -0.859
-7.958  -1.214  -0.049
-3.634  1.500  -0.719
-3.699  0.978  -0.197
45
0.000  0.000  -0.000
2.610  -4.746  0.154
0.324  -8.524  -0.630
-1.448  -5.790  -1.032
-8.330  -3.264  -1.259
-5.788  0.975  -0.478
-4.625  1.139  -0.895
-3.873  0.992  -0.767
46
0.000  0.000  -0.000
0.874  -1.128  -0.536
2.156  -6.343  0.231
1.799  -8.065  0.034
-1.110  -5.644  -0.651
-5.815  -2.865  -0.349
-5.921  0.042  -1.204
-3.790  0.738  -0.621
-3.432  0.620  -0.491
-3.124  0.591  -0.756
47
0.000  0.000  -0.000
1.550  -2.238  -0.290
2.417  -8.269  0.154
0.496  -7.834  -0.409
-1.590  -4.621  -0.349
-8.445  -2.462  -1.246
-3.784  0.656  -0.765
-3.704  0.349  -0.657
-3.530  0.310  -0.676
48
0.000  0.000  -0.000
0.054  -5.669  0.393
-2.523  -6.053  -0.544
-4.460  -3.343  -0.890
-6.591  0.950  -1.008
-5.520  0.803  -0.792
-4.989  0.495  -0.789
49
0.000  0.000  -0.000
0.980  -4.970  0.717
0.710  -7.737  0.635
-3.770  -5.930  -0.645
-6.506  1.185  -1.402
-5.433  0.991  -1.218
-4.830  0.529  -1.110
50
0.000  0.000  -0.000
-7.814  -4.198  -1.082
-2.072  -6.382  -0.540
-4.540  -2.176  -0.739
-6.232  -0.019  -1.702
-3.590  0.834  -0.705
51
0.000  0.000  -0.000
-0.825  -5.110  -0.060
-4.768  -4.321  -1.575
-7.066  -1.327  -0.692
-6.165  1.705  -1.160
52
0.000  0.000  -0.000
2.070  -3.863  0.339
3.172  -9.814  0.586
-1.620  -7.571  -1.529
-5.706  -3.006  -1.194
-8.182  -0.298  -1.917
-4.268  1.383  -1.167
-4.120  0.936  -1.030
53
0.000  0.000  -0.000
1.107  -4.193  -0.196
-0.485  -5.732  -1.263
-2.836  -3.930  -1.886
-4.744  -2.424  -0.574
-5.565  0.446  -1.266
-4.775  0.381  -1.026
-4.197  0.070  -0.905
54
0.000  0.000  -0.000
1.109  -2.160  0.299
2.876  -7.087  0.036
1.448  -7.428  -0.267
-2.317  -4.498  -0.816
-6.752  -2.598  -1.613
-4.289  0.033  -0.910
-3.423  0.186  -0.706
55
0.000  0.000  -0.000
-0.725  -4.896  -0.151
-3.543  -4.399  -2.097
-4.433  -2.154  -1.359
-8.402  -1.694  -1.224
-5.019  0.399  -0.667
-4.179  0.472  -0.796
-3.519  0.462  -0.868
56
0.000  0.000  -0.000
-1.582  -5.674  -0.524
-5.053  -3.963  -1.376
-5.425  -1.355  -0.931
-8.189  -0.647  -2.024
-4.722  1.002  -0.604
-4.399  0.879  -1.095
-3.775  0.874  -0.644
57
0.000  0.000  -0.000
-1.483  -4.651  -0.001
-4.797  -4.046  -0.878
-6.918  -1.371  -0.478
-8.103  0.716  -0.805
-4.451  1.696  -0.786
58
0.000  0.000  -0.000
2.109  -4.367  1.271
1.004  -8.868  1.007
-2.933  -5.673  -0.924
-7.723  -2.621  -1.215
-5.803  0.771  -1.036
-3.699  1.079  -0.749
59
0.000  0.000  -0.000
1.929  -5.604  0.544
-0.207  -8.963  0.598
-2.634  -5.447  -0.709
-5.779  -2.890  -1.334
-7.635  -0.174  -1.550
-3.981  1.006  -1.303
-3.822  0.705  -0.720
60
0.000  0.000  -0.000
2.200  -3.317  0.044
2.596  -9.264  0.528
-0.315  -7.226  -2.087
-8.948  -1.945  -3.394
-7.717  -1.548  -2.812
-4.136  0.356  -0.881
-3.948  0.279  -0.978
61
0.000  0.000  -0.000
0.724  -4.540  0.223
3.392  -9.172  0.703
-1.878  -5.596  -1.342
-6.332  -1.320  -2.735
-5.296  2.103  -1.691
-3.383  1.551  -1.106
62
0.000  0.000  -0.000
2.358  -6.256  0.328
1.322  -10.517  -0.559
-4.979  -5.914  -3.143
-9.648  -0.540  -3.207
-4.659  2.233  -1.431
-4.767  1.396  -1.310
-3.760  1.446  -1.253
63
0.000  0.000  -0.000
-0.205  -6.698  -0.195
-4.624  -5.640  -2.595
-7.365  -1.597  -2.004
-8.282  1.696  -2.306
-4.297  1.992  -0.306
-4.229  1.685  -0.780
-3.845  1.445  -0.751
64
0.000  0.000  -0.000
-1.579  -4.032  -0.339
-4.025  -3.851  -0.989
-8.832  -1.773  -1.659
-6.070  1.907  -1.861
-4.358  1.580  -0.946
-3.818  1.520  -1.355
65
0.000  0.000  -0.000
1.947  -4.029  0.224
3.244  -9.918  0.274
0.085  -8.531  -0.739
-7.998  -1.057  -2.429
-6.823  -0.827  -2.275
-3.793  0.279  -1.108
66
0.000  0.000  -0.000
-0.393  -4.479  -0.006
-5.071  -3.998  -1.754
-7.091  -0.634  -1.997
-6.827  1.553  -1.812
-4.187  1.797  -0.573
-4.454  1.389  -1.177
67
0.000  0.000  -0.000
1.094  -3.960  0.058
1.334  -7.289  0.508
-2.720  -5.908  -0.909
-7.569  -2.833  -2.955
-5.261  1.069  -0.585
-4.195  0.742  -1.259
68
0.000  0.000  -0.000
0.901  -4.015  0.062
-0.207  -6.699  0.732
-2.275  -4.477  -1.626
-7.732  -2.488  -2.138
-5.291  0.920  -1.483
-4.251  0.542  -1.126
69
0.000  0.000  -0.000
0.596  -5.521  0.720
-2.773  -6.296  -0.549
-6.128  -2.972  -2.144
-6.239  1.499  -1.386
-5.028  1.173  -1.120
-5.045  0.628  -0.903
70
0.000  0.000  -0.000
0.078  -3.386  -0.317
-1.483  -5.241  -0.420
-4.412  -3.211  -1.355
-6.832  1.380  -1.523
-5.631  1.112  -1.191
-5.042  0.638  -1.038
-4.462  0.727  -1.054
71
0.000  0.000  -0.000
-1.376  -4.383  -0.221
-4.026  -3.190  -1.264
-3.776  -1.877  -1.505
-7.832  -0.911  -1.838
-4.952  1.123  -1.584
-4.065  0.779  -0.618
-3.669  0.670  -0.853
72
0.000  0.000  -0.000
-1.700  -2.204  -0.529
1.628  -7.007  0.816
-0.549  -5.152  -2.117
-5.550  -2.979  -1.567
-6.464  0.178  -2.538
-3.250  1.000  -0.711
-3.549  0.557  -1.263
-2.843  0.744  -0.911
73
0.000  0.000  -0.000
-0.556  -4.901  0.136
-4.055  -4.364  -1.131
-6.527  -1.857  -1.787
-5.861  1.584  -1.228
-4.775  1.272  -1.096
-4.316  0.824  -0.759
-4.369  0.627  -0.768
74
0.000  0.000  -0.000
1.292  -4.649  0.399
-0.922  -7.042  -0.510
-2.479  -4.462  -1.848
-8.658  -2.510  -1.852
-5.174  1.023  -1.504
-4.223  1.014  -0.834
-3.686  0.932  -0.800
-3.324  0.832  -0.960
75
0.000  0.000  -0.000
-1.116  -3.282  -0.406
-2.695  -3.239  -0.695
-4.287  -2.232  -1.198
-6.933  0.915  -1.391
-5.841  0.792  -1.196
-4.399  0.710  -0.708
-4.363  0.512  -0.583
76
0.000  0.000  -0.000
2.080  -4.668  -0.200
1.393  -9.045  -0.523
-1.192  -7.076  -0.136
-7.622  0.084  -1.091
-6.497  0.134  -0.924
-4.713  0.444  -0.836
77
0.000  0.000  -0.000
3.012  -4.634  0.062
3.062  -10.590  -0.101
-3.616  -8.229  -0.506
-8.936  -1.899  -2.780
-6.788  1.327  -0.716
-5.067  1.405  -0.499
-4.177  1.479  -0.596
78
0.000  0.000  -0.000
-0.999  -6.219  0.104
-1.492  -7.557  -0.252
-8.868  -4.231  -3.239
-6.612  1.416  -1.811
-5.570  1.207  -1.531
-5.435  0.950  -1.757
79
0.000  0.000  -0.000
1.197  -5.581  0.996
1.027  -9.169  0.553
-4.927  -6.040  -2.118
-7.631  -1.391  -4.325
-5.319  0.796  -2.004
-3.986  0.791  -1.141
-3.704  0.629  -1.439
80
0.000  0.000  -0.000
3.116  0.637  0.497
0.664  -3.226  0.308
3.594  -7.456  0.380
5.560  -9.528  0.721
0.836  -7.322  -0.466
-6.633  -2.932  -2.097
-3.397  0.644  -0.954
-3.016  0.572  -0.880
-2.913  0.599  -0.542
81
0.000  0.000  -0.000
1.377  -3.575  0.524
2.765  -8.926  0.825
-1.369  -7.486  -0.930
-5.483  -3.026  -2.674
-6.575  -0.148  -2.247
-3.788  0.988  -1.044
-3.422  0.624  -1.088
-2.967  0.709  -1.077
82
0.000  0.000  -0.000
0.625  -3.283  0.114
3.429  -8.761  1.516
-2.475  -7.659  -1.107
-4.772  -2.413  -0.987
-5.814  -0.962  -1.661
-4.969  0.718  -0.657
-3.423  0.505  -0.762
-3.164  0.576  -0.780
83
0.000  0.000  -0.000
-0.022  -3.496  0.281
0.389  -5.612  0.214
-3.866  -4.250  -1.656
-7.260  -1.753  -1.435
-5.440  0.855  -1.023
-4.742  0.753  -0.844
-4.174  0.852  -0.859
84
0.000  0.000  -0.000
1.228  -2.105  -0.129
3.012  -8.104  0.541
0.012  -7.525  -0.127
-2.837  -3.865  -1.286
-4.676  -1.685  -1.036
-6.565  -0.565  -2.103
-3.880  0.305  -0.636
-3.684  0.225  -0.798
-3.318  0.201  -0.752
-3.194  0.079  -0.860
85
0.000  0.000  -0.000
0.002  -4.349  0.664
-2.695  -5.632  -0.550
-5.203  -2.924  -1.730
-8.159  -0.801  -1.330
-4.563  1.191  -1.572
-3.943  0.744  -0.324
86
0.000  0.000  -0.000
-0.587  -5.670  -0.093
-3.044  -5.935  -1.285
-6.846  -2.242  -3.124
-7.678  1.028  -2.538
-5.199  1.402  -1.851
-4.367  1.344  -1.324
-3.586  1.344  -0.990
87
0.000  0.000  -0.000
-1.343  -5.782  -0.273
-5.510  -3.682  -1.438
-5.914  -1.542  -1.274
-7.191  0.782  -1.830
-6.040  0.671  -1.584
-4.960  0.785  -1.379
88
0.000  0.000  -0.000
0.820  -5.475  0.905
-1.879  -7.032  -0.012
-4.306  -3.857  -1.810
-8.056  -1.325  -2.354
-4.734  1.471  -1.460
-4.003  0.762  -1.103
-3.501  0.882  -1.008
89
0.000  0.000  -0.000
2.948  -3.286  1.376
3.069  -9.160  1.552
-0.371  -8.102  -0.092
-1.848  -3.580  -1.871
-8.358  -2.202  -2.244
-4.105  1.330  -1.697
90
0.000  0.000  -0.000
0.639  -3.561  0.249
0.417  -7.414  1.078
-1.565  -5.664  -0.235
-2.321  -3.058  -1.280
-9.076  -1.627  -1.837
-4.214  1.235  -0.732
-4.194  0.708  -0.998
91
0.000  0.000  -0.000
0.270  -5.258  1.783
-2.138  -5.988  0.202
-4.493  -3.530  -0.989
-9.832  -1.157  -0.826
-4.945  1.578  -0.568
-4.739  1.095  -0.555
-3.920  1.103  -0.523
92
93
0.000  0.000  -0.000
-4.541  -2.024  -0.946
-7.315  -0.443  -2.158
-8.933  1.851  -2.397
-4.169  3.045  -0.832
-3.909  2.252  -1.117
94
0.000  0.000  -0.000
1.536  -1.155  -0.473
1.778  -7.836  2.461
1.369  -8.577  1.506
95
0.000  0.000  -0.000
-0.484  -0.386  0.171
-0.015  -0.032  0.214
96
0.000  0.000  -0.000
-0.530  -5.437  -0.233
-2.686  -5.140  -0.989
-4.074  -3.843  -1.186
-9.960  -1.364  -1.859
-4.209  1.597  -0.623
-4.684  0.847  -1.066
-3.691  0.956  -0.409
-3.174  0.857  -1.018
97
0.000  0.000  -0.000
-2.101  -5.080  -0.487
-5.093  -3.526  -0.733
-7.325  -1.438  -0.438
-7.702  0.994  -1.733
-4.450  1.720  -0.260
-4.478  1.163  -0.525
-3.620  1.295  -0.548
-3.110  1.020  -0.512
98
0.000  0.000  -0.000
-1.648  -4.601  -0.431
-3.490  -3.835  -1.058
-4.937  -2.301  -1.206
-6.275  1.354  -1.520
-5.196  1.111  -1.265
-4.451  0.823  -1.615
-4.692  0.449  -0.971
99
0.000  0.000  -0.000
-3.630  -1.996  -0.585
-5.319  -1.225  -1.425
-8.204  -0.432  -0.956
-6.254  1.811  -0.924
-4.611  1.524  -0.293
-4.040  1.406  -0.590
-3.500  1.227  -0.502
100
0.000  0.000  -0.000
-1.342  -4.358  0.166
-4.432  -3.871  -0.424
-7.535  -2.169  -1.065
-7.773  0.517  -1.892
-4.838  1.332  -0.932
-4.266  1.130  -0.746
-3.569  1.137  -0.832
101
0.000  0.000  -0.000
-0.019  -5.525  1.096
-2.447  -5.602  0.215
-3.804  -3.091  -1.068
-6.564  0.694  -1.040
-5.373  0.541  -0.765
-5.008  0.161  -0.566
-4.277  0.256  -0.643
102
0.000  0.000  -0.000
0.836  -4.689  0.563
-1.436  -6.366  0.631
-3.976  -3.904  -1.315
-6.661  0.621  -1.229
-5.479  0.491  -0.949
-5.334  0.251  -0.659
-4.364  0.300  -0.821
-3.931  0.267  -0.441
103
0.000  0.000  -0.000
-1.198  -5.388  0.636
-4.263  -4.562  -0.785
-5.590  -2.293  -1.827
-8.923  -0.769  -1.730
-4.734  1.321  -1.025
-4.348  0.845  -0.875
104
0.000  0.000  -0.000
0.316  0.223  -0.277
-0.783  -1.352  1.124
-0.153  -0.757  1.472
0.039  0.001  -0.313
0.395  0.448  -0.748
0.862  0.360  -0.748
0.781  0.491  0.343
-2.433  -1.234  0.266
-5.085  -0.305  3.125
-0.405  1.746  1.856
3.013  0.609  0.353
4.142  -0.024  -1.866
-0.142  -0.788  -0.412
-0.258  -0.759  -0.560
0.014  -0.713  -0.445
-0.051  -0.683  -0.314
-0.176  -0.699  -0.316
-0.314  -0.645  -0.073
-0.252  -0.821  -0.672
2.534  -2.750  -1.588
7.892  -10.330  1.589
9.098  -13.155  5.169
6.456  -6.192  -0.281
-3.155  -3.804  -0.451
-2.171  -0.779  -0.928
-1.026  0.344  0.130
105
0.000  0.000  -0.000
1.769  -4.152  0.662
3.867  -10.261  3.409
-1.710  -8.022  -1.076
-4.375  -4.933  -1.562
-8.609  -3.545  -2.415
-4.314  -0.896  -0.720
106
0.000  0.000  -0.000
2.168  -3.646  0.475
5.141  -10.725  4.277
-0.116  -8.875  0.676
-3.154  -5.105  -0.711
-8.940  -5.116  -2.252
-4.206  -1.073  -0.196
-4.051  -1.174  -0.522
107
0.000  0.000  -0.000
2.494  -3.718  -0.528
1.358  -8.371  4.637
-0.788  -6.482  1.584
-2.451  -3.988  -1.027
-9.204  -5.237  -2.179
-4.076  -0.561  0.157
108
0.000  0.000  -0.000
1.889  -5.577  1.122
0.204  -9.091  2.275
-1.779  -5.905  0.081
-4.488  -4.858  -1.125
-7.625  -4.095  -2.499
-5.031  -1.624  0.351
-4.296  -1.445  -0.558
109
0.000  0.000  -0.000
2.033  -4.754  1.236
-3.822  -7.936  0.997
2.416  -7.619  1.061
-1.301  -3.750  -0.858
-7.060  -3.577  0.189
-2.192  -0.141  0.462
-2.794  -0.650  0.004
110
0.000  0.000  -0.000
2.427  -3.416  0.759
5.347  -9.966  3.170
-0.606  -8.999  1.014
-4.997  -4.908  -0.223
-8.339  -2.751  -1.804
-3.502  -0.229  -0.967
-3.912  -0.688  -0.368
111
0.000  0.000  -0.000
1.626  -2.967  0.566
5.681  -9.133  3.000
-0.026  -9.216  -0.018
-3.175  -5.042  -1.281
-7.324  -4.464  -0.550
-3.521  -1.177  0.341
-3.654  -1.485  0.183
112
0.000  0.000  -0.000
1.257  -4.138  2.259
4.987  -8.948  3.655
0.100  -7.418  0.277
-3.643  -3.674  -1.070
-7.783  -3.600  -2.523
-3.927  -0.904  -0.286
-3.693  -0.834  -0.728
-3.454  -0.874  -0.907
-2.748  -0.361  -0.678
113
0.000  0.000  -0.000
-4.211  -5.223  1.226
1.355  -8.170  1.058
-2.440  -3.780  -0.642
-3.879  -2.577  0.588
-7.717  -3.074  -0.770
-3.546  -0.843  -0.005
-3.614  -0.942  0.305
-3.060  -0.814  -0.363
-2.995  -0.708  0.042
114
0.000  0.000  -0.000
2.194  -3.339  0.052
4.177  -8.562  4.647
0.383  -7.763  0.971
-8.471  -6.251  -1.452
-7.062  -5.199  -1.175
-4.052  -1.825  -0.885
-3.419  -1.531  -0.809
-3.038  -1.347  -0.689
-2.735  -1.238  -0.635
-2.873  -1.328  -0.522
115
0.000  0.000  -0.000
1.848  -4.411  0.872
2.950  -8.291  4.518
-1.826  -7.141  0.198
-3.509  -4.197  -0.242
-8.301  -4.562  -2.157
-4.478  -1.649  -0.623
-4.295  -1.307  -0.578
-3.595  -1.163  -0.578
-3.275  -0.953  -0.316
116
0.000  0.000  -0.000
-1.261  -4.102  2.670
2.684  -7.634  3.309
0.453  -4.184  0.980
-2.246  -2.758  -1.651
-6.654  -3.481  -0.730
-4.437  -1.594  -0.159
-3.353  -0.706  -0.593
-2.939  -0.773  -0.345
-2.572  -0.529  -0.270
-2.499  -0.666  -0.298
117
0.000  0.000  -0.000
2.442  -5.836  1.403
0.993  -8.388  2.636
-2.648  -6.091  -0.964
-4.036  -4.311  -1.107
-7.725  -3.558  -1.478
-3.974  -1.688  -0.224
-3.532  -1.429  -0.357
-3.357  -1.254  -0.475
-2.817  -1.142  -0.425
118
0.000  0.000  -0.000
2.160  -3.032  -0.566
3.093  -8.130  3.676
0.603  -8.259  2.666
-9.356  -6.874  -0.510
-6.927  -5.442  -0.242
-3.561  -1.827  -0.045
-3.431  -1.629  0.332
-2.895  -1.480  -0.039
-2.562  -1.202  0.003
-2.571  -1.350  -0.062
119
0.000  0.000  -0.000
3.024  -5.360  1.833
1.223  -10.034  3.167
-2.369  -7.184  -1.302
-7.450  -4.880  -3.352
-6.052  -2.482  -2.604
-4.077  -1.296  -1.782
-3.928  -1.134  -1.265
120
0.000  0.000  -0.000
2.810  -3.817  -0.486
3.880  -8.590  3.524
0.698  -8.057  0.140
-8.056  -5.654  -1.321
-6.825  -4.785  -1.292
-3.946  -2.334  -1.228
-3.029  -1.918  -0.680
121
0.000  0.000  -0.000
2.021  -2.698  -0.538
0.202  -6.357  2.357
2.150  -6.131  3.892
-0.366  -6.192  0.132
-2.686  -4.359  -1.672
-7.468  -3.990  -3.339
-3.649  -0.968  -0.289
-3.494  -1.170  -0.906
-3.228  -1.042  -0.742
-2.984  -0.994  -1.003
122
0.000  0.000  -0.000
1.605  -3.209  -1.528
1.655  -6.529  2.618
2.200  -6.121  4.744
-1.813  -4.964  1.189
-3.614  -4.405  -1.028
-6.656  -3.140  -1.592
-3.288  -0.920  -0.656
-3.344  -1.022  -0.335
123
0.000  0.000  -0.000
-0.298  -4.302  1.377
0.377  -4.936  2.303
0.847  -5.693  -0.100
-2.954  -6.239  -1.264
-7.797  -4.792  -1.142
-3.378  -1.433  -0.774
124
0.000  0.000  -0.000
0.279  -4.228  2.355
0.436  -4.901  2.613
-0.309  -5.417  1.197
-7.646  -6.046  -3.025
-6.313  -5.085  -2.708
-2.619  -1.632  -0.354
-2.770  -1.714  -0.542
125
0.000  0.000  -0.000
0.874  -2.030  -0.685
1.802  -4.695  1.914
3.757  -4.800  4.759
0.830  -5.456  1.787
-0.473  -4.408  0.347
-7.413  -5.940  -1.851
-3.625  -2.465  -0.408
126
0.000  0.000  -0.000
0.116  0.158  -0.228
-0.164  0.641  -0.615
0.387  0.559  0.062
0.461  -0.746  0.316
-1.864  -0.285  -0.368
-0.556  -1.992  1.467
-1.328  0.397  0.110
2.898  -2.135  2.800
-1.044  -2.135  -2.167
-5.470  0.749  1.448
1.273  1.281  3.672
4.426  -0.091  1.901
4.919  -0.501  1.457
-0.224  -0.527  -1.017
-0.248  -1.081  -0.820
-0.632  -0.998  -0.672
-0.722  -0.691  -0.082
0.229  -0.115  -0.179
0.599  -0.107  -0.114
-0.126  -0.486  -0.083
-0.406  -0.614  -0.081
1.053  -0.533  -1.029
3.156  -3.840  -0.388
6.176  -8.285  2.177
8.177  -8.684  3.941
5.721  -5.260  -1.020
-1.988  -3.310  -2.564
-2.157  -0.719  -2.235
127
0.000  0.000  -0.000
-1.448  -3.099  0.219
0.038  -4.262  -2.253
-5.060  -4.994  -4.082
-7.160  -1.286  -4.623
128
0.000  0.000  -0.000
-4.357  -2.645  0.373
2.004  -5.236  0.446
-3.789  -5.113  -4.042
-5.756  -2.165  -2.563
129
0.000  0.000  -0.000
-1.105  -4.647  -0.412
-1.059  -4.972  -3.173
-4.552  -4.035  -5.298
-5.972  -0.896  -4.196
-4.898  -0.977  -2.627
130
0.000  0.000  -0.000
-2.379  -5.357  -0.333
-0.774  -5.308  -3.192
-5.096  -6.327  -3.437
-6.221  -2.887  -3.220
-5.179  -2.403  -2.834
-4.734  -2.056  -2.479
-3.913  -1.415  -2.352
131
0.000  0.000  -0.000
0.703  -5.830  -0.475
-0.733  -6.923  -2.072
-4.407  -6.297  -5.716
-7.457  -3.318  -4.194
-4.074  -1.492  -3.116
-4.101  -1.367  -2.428
132
0.000  0.000  -0.000
-0.200  -5.415  0.341
-2.725  -7.121  -2.257
-3.746  -4.607  -3.682
-9.090  -5.261  -2.269
-4.645  -1.863  -1.591
-4.376  -1.678  -1.849
-3.775  -1.316  -1.823
133
0.000  0.000  -0.000
2.185  -2.056  -0.778
3.421  -8.721  3.158
3.485  -9.979  2.589
-0.730  -7.262  -1.294
-7.272  -4.526  -4.619
-3.756  -0.891  -1.736
-3.432  -0.686  -1.272
-3.184  -0.822  -1.462
134
0.000  0.000  -0.000
-2.800  -2.049  -1.487
-5.838  -0.555  -1.631
-6.099  1.086  -1.978
-4.083  1.939  -0.885
-3.672  1.440  -0.976
135
0.000  0.000  -0.000
0.194  -1.998  0.356
2.421  -3.612  1.203
2.290  -6.575  -0.684
-4.938  -3.905  -1.957
-3.989  0.929  -0.974
-3.323  0.987  -0.590
-2.937  0.804  -0.811
-2.520  0.812  -0.745
136
0.000  0.000  -0.000
-0.224  -2.791  0.051
-0.932  -3.052  -0.630
-1.444  -2.829  -0.491
-5.744  -1.317  -2.315
-3.674  0.948  -1.360
-3.026  1.513  -0.842
137
0.000  0.000  -0.000
0.541  -0.809  -0.282
4.537  -4.479  0.147
6.591  -9.343  0.772
0.980  -7.722  -0.913
-4.367  -4.146  -1.554
-6.390  -2.034  -2.498
-4.191  -0.335  -1.634
138
0.000  0.000  -0.000
1.001  -0.911  0.271
1.677  -3.825  0.585
3.191  -5.578  -0.690
1.539  -5.462  0.197
-5.523  -3.133  -1.098
-3.839  0.476  -1.470
-2.961  0.904  -1.084
-2.371  0.552  -0.689
139
0.000  0.000  -0.000
0.452  -1.087  0.127
0.647  -3.020  0.147
0.640  -3.349  0.210
1.771  -4.210  0.650
-0.786  -3.257  0.372
-7.477  -2.115  -1.672
-3.107  1.638  -1.228
-2.782  1.130  -0.599
-2.737  0.932  -0.529
140
0.000  0.000  -0.000
0.672  -0.738  -0.278
0.135  -3.525  0.214
1.426  -4.888  0.566
2.134  -5.523  1.650
-2.800  -4.111  0.944
-5.911  -0.816  -2.016
-2.794  1.587  -0.913
141
0.000  0.000  -0.000
0.463  -1.039  0.562
1.099  -4.079  0.451
1.870  -5.366  2.136
-0.533  -5.107  0.393
-3.923  -1.900  -0.940
-4.885  0.474  -2.315
-3.009  1.499  -1.101
142
0.000  0.000  -0.000
0.450  -0.652  -0.177
0.839  -3.404  0.486
2.192  -4.921  0.478
0.770  -5.714  1.999
-2.480  -3.004  0.176
-6.547  -0.896  -2.447
-2.676  1.793  -1.181
-2.937  0.991  -1.439
143
0.000  0.000  -0.000
0.520  -0.593  -0.209
1.515  -4.196  0.560
3.914  -6.654  1.438
1.565  -7.879  1.892
-7.445  -3.910  -1.169
-3.490  1.707  -0.545
-3.036  1.336  -0.706
-2.598  1.268  -0.460
144
0.000  0.000  -0.000
0.952  -2.647  0.287
1.261  -6.195  1.778
-0.370  -6.050  0.380
-4.135  -2.842  -0.698
-6.126  0.645  -2.624
-3.911  1.964  -1.425
